0.0649764234736521 0.792195275365369
0.0710358597728298 0.790560039476781
0.0753425399308908 0.998576414545342
0.0846253769256082 0.997780394226072
0.0746040732924846 0.980894106226885
0.0854997427222741 0.964738857848437
0.07860622468178 0.962362212170721
0.0798950112144727 0.951694833670382
0.0760532701614266 0.939415285393466
0.0812520621351325 0.92771819463845
0.0775071135734544 0.920209198589672
0.0764942670135238 0.909302200514779
0.0835472943693313 0.893812575475556
0.0843067225961552 0.895765763982879
0.0769121573134063 0.882320163288862
0.0809672342273457 0.874082726389889
0.0767359018036529 0.866671386679681
0.0779037913957809 0.845998142450302
0.088234178858775 0.839924533793649
0.0777210260888782 0.832746084398907
0.082680673200079 0.815692529661233
0.0828763346259807 0.81217351193623
0.0845982068215117 0.796404632049564
0.0799191456549996 0.802336065429395
0.0842184843120624 0.774419585530333
0.0993731766208035 0.996374328459746
0.0905657379950254 0.994852477051781
0.0833357396220024 0.977207596690664
0.0926829165796982 0.972881136271266
0.0878813281329359 0.962101870499419
0.0960667015512075 0.948732725038692
0.0848953421300865 0.930311866272519
0.0873833419912916 0.928701129470952
0.0873646908398793 0.922368840177797
0.0962250836855262 0.909582381495866
0.0907473028956831 0.907140600132798
0.0839374397838103 0.89720322734803
0.0885483292894332 0.883104131321009
0.0878437868778359 0.876783682117594
0.0929755653667276 0.862694982033317
0.0893979803676329 0.852339425322425
0.0886253168470771 0.841050057696779
0.0871530554672047 0.833192267757655
0.0879620029388978 0.818404046745324
0.0915453560651288 0.806594211776631
0.0862354243652759 0.810894565430796
0.0892142064478963 0.788849519976922
0.0941516739554234 0.785461158261557
0.10250731498979 1.00074206505779
0.0988162127072371 0.98584465956892
0.098416672458559 0.977101515651371
0.100645912344505 0.97508887959973
0.0977532658815328 0.960045929344148
0.0958968160643322 0.94778897249074
0.105015647042871 0.937504623289243
0.0977820859426726 0.929350955498499
0.100984136465739 0.923942796448382
0.101519242685818 0.91177071183298
0.101423956650556 0.897833044813772
0.100076490766221 0.890434781298253
0.097159688258241 0.884665243498397
0.0921093031866398 0.872824011714009
0.0939208420055904 0.859895517296577
0.0981296225396247 0.849647956863759
0.105117968804869 0.843330749307323
0.108503649713304 0.996719200586268
0.114406723344723 0.993064526610912
0.120725759071133 0.978186457026838
0.114226772937673 0.972752289939153
0.115843937487579 0.960230711375301
0.105985036580047 0.947171445693182
0.109632464104379 0.933342449627946
0.107210275713156 0.925573442504602
0.102044058082529 0.928009188540272
0.112414563304669 0.908315969029466
0.105329862638163 0.903305162769196
0.110466143472882 0.8893276043512
0.110252758761982 0.884041300206532
0.10699102383237 0.875707233837761
0.113325548045076 0.996258293461242
0.113286439103516 0.98788677726357
0.125125226876169 0.980937773504573
0.123613498442768 0.97053133853093
0.119099302367632 0.956235249390864
0.122624142370141 0.949390906645308
0.115417982677974 0.939676190039029
0.11607596572456 0.928453917253587
0.120451962776483 0.909887173049666
0.116884712410992 0.910406087038885
0.120838169409106 0.902239520192565
0.122797606602517 0.888932097888952
0.120982015655426 0.883957586368181
0.124531131923794 0.995243640975079
0.126507355256053 0.990947533420941
0.126739092412139 0.98137669964147
0.128746967883768 0.968119929073778
0.124961248569369 0.955914168281976
0.118720939028199 0.951740350805276
0.135510736631988 0.93699981548277
0.124419461086179 0.930758183891374
0.129142155452379 0.920509421654002
0.123986322707109 0.909928814736479
0.128065463311545 0.895865994052418
0.138937945725078 0.999704179566567
0.139631354931043 0.98722203044302
0.142389896411942 0.971277035091336
0.142447261166842 0.967944433498182
0.136737018330697 0.958285478846259
0.139472734596701 0.94980702067916
0.13617205769642 0.941030995474157
0.136735409902888 0.928608877788882
0.132347405619312 0.915685032802747
0.133208779639988 0.914355521719007
0.1421492164194 0.999936377001424
0.153047954966778 0.992125013691339
0.151375152574785 0.976934899378431
0.148328581471354 0.972381717361121
0.147130008130543 0.961361364186171
0.146344226232995 0.937660832462347
0.152233908398599 0.93818498901437
0.153316161650122 0.932891928301441
0.146168723106356 0.924092892479586
0.157785699307726 1.000805504092
0.154822590364743 0.987211838796836
0.160500129988271 0.979737413648511
0.151781680831891 0.97002566586247
0.157393681318204 0.96217768127545
0.149684174413837 0.954564618596412
0.159084910292466 0.936930903803771
0.161214410849801 0.937443903462985
0.168065115729815 1.00224730276244
0.171329946555334 0.991184897541197
0.168269369858251 0.980306500601732
0.170373380576164 0.975789779760401
0.171180419465757 0.959230077403529
0.167567437977472 0.946320935406132
0.166525868414775 0.944485245118333
0.164838227390441 0.92432357170787
0.173295742945367 1.00155380917651
0.177778259196706 0.992829502822167
0.174805298736942 0.982780048899087
0.177727119999355 0.975043377594764
0.176332540337549 0.960012379969175
0.179855826914849 0.946365847962942
0.171715237282588 0.93976356195537
0.18550581741785 1.00012507486603
0.181793448471642 0.984602949188448
0.179005415911511 0.98079306972836
0.190135832991984 0.962773277367442
0.192222186282681 0.959116969030274
0.18351130686217 0.949628143938834
0.192753184001473 0.938475951852006
0.196310445325139 1.00142120864951
0.195109806115537 0.992224431062701
0.200466466055221 0.982624418658529
0.196060179870859 0.969951048366325
0.205562535402032 0.95675384697792
0.199066416952693 0.954683683196783
0.20981453162136 1.00398468362516
0.205700268986127 0.989009816493044
0.21417087990175 0.980111156195408
0.206792452540671 0.973952065237302
0.208519901585762 0.962374036424004
0.203715258407829 0.952082138266444
0.219060962867765 1.00494665642899
0.21606769890367 0.991089255120597
0.219132777662856 0.977802961038341
0.215774853797333 0.969388191178359
0.219595383953333 0.95501230905642
0.216567655929655 0.949104300035789
0.228975672559198 0.999755583823378
0.225069488960985 0.985743849086115
0.23333465123251 0.970713663138296
0.227609005337637 0.970735645421622
0.224425101507926 0.958663671308546
0.224640694155245 0.946714252869207
0.238331396355986 0.996973090675727
0.237541880410417 0.984910405305233
0.242025772314655 0.97879503168453
0.239606324181571 0.98108449907417
0.236626790802219 0.960057057807339
0.238712608511941 0.953789181721627
0.247597338646626 0.999893987937195
0.243441771111696 0.991439542785833
0.256055795737253 0.988207562851974
0.251592945348063 0.969889799900557
0.250908649088523 0.959253450513509
0.249684485671312 0.952351026038061
0.256126016080684 0.993504491159634
0.255181960810266 0.996315719374005
0.256377599202057 0.985651077370336
0.258486963777447 0.979909210560999
0.255841122896332 0.9551648173186
0.255122586555868 0.94755290224959
0.271655387628085 0.999089779975102
0.265924789074369 0.99277084261619
0.267901804561858 0.976754217588966
0.263120093487486 0.97253973755562
0.266044021868384 0.958128235910778
0.274374581445982 0.950855816503639
0.270554342943588 0.0104704538400524
0.262163606900445 0.00192650439414149
0.275630390598573 0.994716113890942
0.28087914549241 0.993380588892578
0.276944162863534 0.982505289154784
0.28090493086049 0.968113564115234
0.274288460188786 0.957214619409023
0.277034028096655 0.951672764561373
0.274241098189734 0.0131108509818713
0.275209961632852 0.0025609236793102
0.287375237107059 1.00086882495483
0.289608921605205 0.995289517936171
0.289042744883293 0.980644482363748
0.286878023512192 0.965850235169106
0.288686359148022 0.963938234435637
0.288254987163987 0.952436728560017
0.285713266870269 0.00705122668699461
0.287352978811061 -0.00159741336390224
0.303870595620211 0.998078153568417
0.29398004819782 0.989734601294661
0.300422766066779 0.971701409829899
0.304617450103482 0.972630349154627
0.30182533295205 0.962912698306604
0.290716548745955 0.9490494732938
0.298943104133427 0.00673331219910731
0.2934853065983 -0.000340240505848024
0.30923623831989 1.00357195327829
0.30969854926264 0.990613828643912
0.307401285766452 0.977545119819527
0.312894144943115 0.971482599737329
0.307373881404753 0.955671084310513
0.306164818483513 0.950427988541047
0.310832576240576 0.00967699082342955
0.303634669722154 -0.00863234501256302
0.314987619366709 1.00437754113357
0.323730076166379 0.993225508921002
0.319365228967282 0.980975478439889
0.31248442500479 0.972561472833432
0.31858766627177 0.961966506402015
0.316373223975859 0.94792233186325
0.320160010896344 0.00951394011145556
0.31599703184518 0.00570192314356027
0.328724867416148 0.994240181216331
0.330573444352059 0.991528651009361
0.321523712775311 0.981415130427993
0.323183863452054 0.971649474149951
0.334315960357536 0.953996328878752
0.329473977055901 0.958189416872065
0.336350098470662 0.00706938020004782
0.322580768037322 -0.00234161804372091
0.336214840491225 1.0001617083199
0.340741296711527 0.986600611747154
0.344728188465903 0.972862448765062
0.337928144243176 0.975075264301658
0.335379721808036 0.958583656737457
0.333250456561525 0.948993805112363
0.335968330249425 0.00941262230991483
0.329187539851693 -0.00315344450560323
0.343668981364184 1.00637750531365
0.345281728108119 0.991893422248566
0.345130510442635 0.98418047623803
0.341395965177707 0.965494937806783
0.347891472052856 0.955745510166099
0.350512028224365 0.951296942260082
0.347686807746327 0.00394001668056003
0.347136898814021 0.00756428119410423
0.357425319984632 0.996013210999271
0.355434062413912 0.993502604650109
0.357819138005927 0.975243545796156
0.351878964067491 0.968075016531444
0.356313350722446 0.964340638674815
0.355028077197064 0.952882011507543
0.355301965088355 0.0175403648529332
0.351328649519507 0.0119068538199042
0.360721746690666 0.000717193460881717
0.368610968928804 1.00197788523632
0.368714304838986 0.990590583431072
0.365720698617247 0.979574552829418
0.373732618905743 0.971295066965673
0.37045872482476 0.966968198636158
0.364915035346465 0.945731381773575
0.37404211554709 0.0202011679779037
0.365814475573027 0.00430036315418645
0.367884331928684 -0.0025152407674677
0.3730624878678 0.997971253783521
0.38238667263879 0.987344563985796
0.375116651168314 0.981826276280677
0.372772308297209 0.967555061096968
0.365339190104813 0.956728255692896
0.373951325142873 0.956515255128331
0.378592836957695 0.0237930299981266
0.373108895730981 0.0228183064958688
0.372512254411805 0.016720898469169
0.374113789209242 0.00164163305463627
0.386640856390733 0.995609048954714
0.381862380660096 0.989948005337402
0.385192752135034 0.98718907750196
0.389406624754713 0.971102454788288
0.388972834498414 0.964497364199726
0.382179399809829 0.948173301858853
0.379957339631157 0.0280617764734193
0.391481884742279 0.0288701656251947
0.379272149072439 0.0137119257953331
0.387630938240147 0.00531332813997357
0.395607764461964 0.995321670067875
0.398367151677192 0.990823050921956
0.391340726231728 0.977997104712577
0.39099929665719 0.973453424310196
0.390828087805275 0.962241793096887
0.396590481498426 0.951192777197969
0.401376380314322 0.0499581686357273
0.388525902261001 0.0370139187020799
0.387033838874153 0.0352318438781787
0.399427370938366 0.0254963946714252
0.396733532957401 0.0102845298362351
0.389848592352767 -0.000385649976598215
0.399439735914193 1.00504608513834
0.405964023686846 0.984681522712773
0.407010007300433 0.968631257511178
0.408228721061843 0.966092575056012
0.401449642134553 0.957862391149657
0.40509466294967 0.950782459235018
0.405253541149713 0.0758263995189468
0.406087714585757 0.0560897998826592
0.410060406060577 0.0459525638242236
0.404275369555741 0.0415797060316897
0.399276683467874 0.0347806466243095
0.408109725751002 0.0201402756269548
0.410987616646299 0.00884352138204408
0.403886275325605 -0.00287657250628391
0.417050354153436 1.00201339165581
0.412851597263712 0.988427612952365
0.421363798381114 0.978836316622833
0.419915046753073 0.972558536129701
0.411944963649864 0.961427144632243
0.421715962460266 0.953646581956185
0.41834050004359 0.93746105583958
0.416690600723311 0.927513124111107
0.407117781121539 0.91587132598037
0.417889817679256 0.914871169987131
0.417307695229139 0.901432713918578
0.419803072552317 0.8938317780103
0.418409542461605 0.880252401720528
0.417979878704749 0.869974621259921
0.416027027017689 0.861117866027562
0.415068287346591 0.84931731553804
0.421710390064227 0.841373036323682
0.416990014858025 0.833278264465887
0.409384848872886 0.814095783496938
0.41639418652049 0.812165377867837
0.413963091534911 0.804650311696923
0.417163043177168 0.784813495635528
0.412508460189628 0.77915810819461
0.411023782070548 0.763710676455561
0.42062626060407 0.763065801353509
0.406401166915499 0.749411553332052
0.41507744959951 0.745120177446445
0.42001024103751 0.736061975073824
0.410089920728754 0.729777430013486
0.413448504204883 0.713342959445972
0.421008015692784 0.698732128440646
0.418279736668038 0.690665862576711
0.412129031223105 0.68049238028755
0.417376644684313 0.67575261705994
0.416422285136452 0.662261559041399
0.416058306266264 0.647608962949351
0.420751339038714 0.645295744738701
0.414448674725278 0.630900663026408
0.417491230758131 0.622283800359829
0.408477793780909 0.613134492410673
0.413956101639563 0.600041001610018
0.419425940249872 0.598640270283654
0.419738688444129 0.584029681915908
0.415819634780426 0.576730344499357
0.417025988991268 0.56555222600898
0.410652166782037 0.553080602197657
0.415534333282977 0.545353862471319
0.411352274213128 0.531183877083877
0.418781295131401 0.524012718545124
0.420803341020252 0.5137226042478
0.417596981756055 0.500857341220448
0.413809305471059 0.495346665447806
0.416902390322844 0.478626788201725
0.422959039255737 0.467102294869369
0.414126928079133 0.468215919777608
0.424675845805013 0.44857307612058
0.419361878395695 0.444067144180246
0.412000970729517 0.442650508054834
0.423368851193951 0.426625666305082
0.417211361902012 0.411788216195318
0.41657916926798 0.413430974107217
0.414781296499954 0.394011176006295
0.415221477676991 0.38945564514423
0.412334253957138 0.373202027961119
0.411123138090302 0.363316656495311
0.416059031792264 0.360396822127986
0.420509827856955 0.348340324201849
0.412687043144268 0.337699675172482
0.411349049664489 0.32759480760711
0.416736057431821 0.312548126624783
0.417057966860711 0.308001420350167
0.421957315490513 0.293482904375801
0.41361319894935 0.291494561185278
0.416504457416308 0.278337360964688
0.423527829575892 0.267399551681803
0.417991786423288 0.261718322083813
0.406592858843858 0.256039061190279
0.417853082412856 0.239500278750081
0.421547327121057 0.226911782450543
0.413523850669465 0.213291716801055
0.415249988993132 0.205953924862598
0.405361104652131 0.193704929028677
0.414426168603605 0.180766245162075
0.416599870523969 0.174894024600488
0.413557338442227 0.166166246641315
0.421244936345684 0.153266448729471
0.4234712646985 0.14361366728876
0.413693368248153 0.14564375229908
0.421343590614313 0.128842684089632
0.4193992550457 0.118011268503683
0.429079801903458 0.108733228028163
0.413160987682054 0.0984937910808035
0.414564731486028 0.090095605243949
0.412761245711008 0.0778197122429679
0.415670233962441 0.0679283262997163
0.409788298393367 0.0576384935264415
0.415905573403904 0.0485221143987672
0.405248246774018 0.0418446362835522
0.418796422588945 0.035066014793711
0.41524638787271 0.0123896878405473
0.418480905335195 0.0136667092880262
0.421841435384066 0.00465257694661143
0.428728063047647 0.99443391338177
0.425113994862629 0.988887694806196
0.417734514597994 0.983703335989489
0.428955796646721 0.969326967664308
0.429521147170433 0.9650253984129
0.428134605958074 0.947366246929553
0.426452999776273 0.94445181347426
0.42843146955766 0.932673844108464
0.430339949825505 0.917200943713991
0.421917510932377 0.909400413177424
0.429135775316044 0.892610205633272
0.426307647096623 0.896262059512169
0.423984032884134 0.872382077651128
0.435447899531137 0.871525829488023
0.425820930898547 0.8580852785887
0.430454214549589 0.852402338726983
0.422736755525637 0.840307205027995
0.42673672729837 0.831510687757808
0.416562240395738 0.821390005451183
0.426454836560479 0.817528218293446
0.432560889388014 0.804615119931332
0.420525460777808 0.790699141939002
0.427223774828284 0.792351912780374
0.422041442703616 0.768501241927515
0.423813610338804 0.759778048707633
0.425848677681838 0.743619702369577
0.423463146293289 0.739388280392974
0.429293319679577 0.728570365290122
0.429448613763665 0.725517122594374
0.429062492376089 0.704831458040945
0.422227423926995 0.699535029127386
0.431696207333139 0.692500860944658
0.422844412428257 0.686028204767144
0.424408259410211 0.668813811053495
0.428411924685607 0.669371594056955
0.423611473319491 0.655992918935781
0.420182979024751 0.646846616924904
0.423157706446375 0.630195160568638
0.427229192749653 0.624063035724454
0.426283950647455 0.614891095731423
0.428125653939936 0.608531683425199
0.428238920563253 0.588623445088535
0.427777695502113 0.587488449729466
0.43024179076319 0.574381564404892
0.420658585350932 0.566764181481692
0.425811448850882 0.550397319981357
0.430755465937896 0.545071253570168
0.425416611986464 0.527250754477717
0.421513829685817 0.517218239802095
0.427809414570045 0.519422611253481
0.429970518787363 0.507053241029815
0.424573086800792 0.487277273514575
0.425934350119173 0.481970118416529
0.426236555422439 0.468795848028979
0.424267116051843 0.468608750568219
0.426882434384243 0.453914304777533
0.425751691720177 0.443776510571589
0.421601823637946 0.430241255214654
0.425246298332937 0.423975720965371
0.420516801121165 0.42127081341341
0.417891165000292 0.405893513288771
0.425633167070963 0.404064884931081
0.426418526272087 0.386238461994578
0.425397135638493 0.372203589844733
0.430475806016692 0.362925980598969
0.427691848271895 0.35853639900103
0.42707169273196 0.356555502098902
0.42489024708332 0.334664200944381
0.421619102830681 0.325672993483869
0.422800627991384 0.314818550239472
0.422479113498032 0.309742210410524
0.425160249489389 0.295762802668641
0.423439203885368 0.288077392105573
0.425640125252845 0.280498791936137
0.427759187916391 0.26831775987295
0.428677364291294 0.253936185925428
0.431843833285639 0.23894543613059
0.423920496992877 0.237666800180011
0.427424229794093 0.227414160038909
0.415949966801524 0.217370136254479
0.426922756808349 0.211236862600666
0.42505074005559 0.194384054923543
0.424104398632269 0.182482986475091
0.425413903630299 0.176192720733283
0.422891928173395 0.159770584324052
0.422413523912275 0.157204277754497
0.427360308250687 0.148537626101618
0.427094810003903 0.138594896285141
0.427736774383328 0.126319293219563
0.429575994442479 0.119622590789436
0.435346414965205 0.110252308334441
0.426973923031159 0.104061939635607
0.428284048129277 0.0871006974581025
0.42963290069957 0.0864150377233303
0.424648612859836 0.0681912194913183
0.423635558562778 0.0586577540565759
0.429758320665981 0.0534537461427019
0.431460506446137 0.0394784125021451
0.422164610386074 0.0326713836446706
0.423144430688937 0.0241275310820235
0.426347904001011 0.00982842773659449
0.42034531026495 0.00101592414691372
0.441127115094557 0.997596291927233
0.439279573222907 0.987494910285287
0.430060778078587 0.978032568215549
0.449563304076972 0.967893016909303
0.440795871351892 0.959205845022952
0.440770334700116 0.947210545014928
0.439212706270747 0.946010653717607
0.438591380540469 0.925332637046514
0.433488433731154 0.919478146794247
0.436703982666839 0.910808821893914
0.439037894951997 0.900575200668865
0.442894081316622 0.894242097355157
0.43357636648516 0.887299060526971
0.43100857060669 0.868356691321248
0.431766589324702 0.861851238893987
0.438145023133529 0.846012353771315
0.444149867110194 0.840192030590563
0.433762383630421 0.82364747442399
0.430220339026758 0.817386614607103
0.43513657382711 0.803067614609651
0.434776145716223 0.799894963320858
0.431622954515112 0.788502357434264
0.436279466107893 0.779701020269133
0.441346090307696 0.776099784641952
0.435719377645344 0.757801393390988
0.4377011728219 0.758274893809737
0.429743585731532 0.741215741477459
0.442112492782554 0.736911339505718
0.433847888468899 0.727045443087465
0.434056158196455 0.710527434211729
0.436213784250256 0.701512256376913
0.434158917231347 0.698203349691864
0.439754349213178 0.680486243936462
0.443270057948869 0.669206678494579
0.433005318165771 0.665954931098302
0.431317844047351 0.656892585447279
0.433853299868232 0.640241423194324
0.434970670053334 0.630348079765988
0.433292832952285 0.622255560176142
0.430115760937334 0.613939000039908
0.441513336523035 0.598024146699617
0.43253725657202 0.594293257770665
0.435317503903783 0.588113028100844
0.441682196333071 0.565097188654963
0.432745635561746 0.563867100204262
0.432318868602875 0.547898240789544
0.439354136547954 0.544448613025985
0.439234569926803 0.537672395504081
0.437600237146666 0.527924241908941
0.432640881271946 0.517948920949625
0.435102279314472 0.500750519479652
0.432276760467965 0.494108845689778
0.432840432751643 0.481337353414585
0.435387958255477 0.471382522371229
0.437705505900799 0.461433553069519
0.433329593211661 0.458916676918326
0.441441339527432 0.442783412235986
0.440326546652295 0.440758599441647
0.435687880248531 0.422925301496101
0.431392277636297 0.412248233628679
0.438021253664672 0.410676876221734
0.431961780984885 0.392320854941589
0.43749549761426 0.389331895872476
0.432788473559767 0.380903928544468
0.436479879169178 0.362984059597904
0.437341180722073 0.357284717210123
0.43636877662125 0.342506011028431
0.43552471939831 0.342373836854423
0.438457645937516 0.328465440662674
0.43392667033142 0.310725940145259
0.427561613604314 0.303433829071972
0.438133393863152 0.29538217456364
0.438723084318673 0.285217454065712
0.436645865585971 0.276498979625261
0.432328669580243 0.260907757521322
0.428387361806708 0.258003332086862
0.431958203673513 0.248963343712734
0.434695754189869 0.237024756442122
0.434527639772621 0.225713708169391
0.442437283518169 0.220497404061507
0.434543852203294 0.201770511258257
0.431532578951563 0.196870933255289
0.434985414470724 0.197027699732845
0.436191648317928 0.174483770142714
0.438449254953806 0.16964573520346
0.434215092027962 0.159224797049762
0.427827401871775 0.152234967868326
0.440153472762156 0.135265197119115
0.437064136603128 0.121217340617074
0.439943593368791 0.117794957317197
0.439989041875515 0.113353825706364
0.433370173112017 0.0974450853528355
0.434938347540705 0.0962717507766225
0.424207837228045 0.0789362405702713
0.436284322683952 0.07049291155023
0.428228381938556 0.0625533444478202
0.438813876443788 0.0457039911012602
0.436061478259364 0.0423036257734709
0.436403034061964 0.0210417708995641
0.437538736530974 0.0151997692398583
0.441170794762004 0.00824561844213977
0.437442530462275 -0.00509875696888371
0.447431557679148 1.00539433925866
0.443846217621717 0.984059516871835
0.444834537971431 0.988130168154311
0.447212037849787 0.970990544093333
0.4493880899479 0.956880859059748
0.445820533792058 0.951170931526619
0.44750667062875 0.946911508687949
0.448054768185599 0.927784794467635
0.446765192178553 0.924490857673562
0.44514101834012 0.9082624509586
0.4492918086828 0.903793923653595
0.446180087046602 0.887917740256757
0.442861727359528 0.883568649457131
0.443620196688453 0.878895904337905
0.442995123670237 0.868869335840355
0.444251439619191 0.845244957674508
0.442657000428075 0.846891767522071
0.443278203796135 0.83596551633539
0.438784289377925 0.828661452858472
0.447288526308854 0.807155393318611
0.44100097763348 0.799985834484336
0.447762249018973 0.791088338759454
0.449865369924751 0.78426479113823
0.445880196323655 0.769890589324634
0.445211044715643 0.762283271251817
0.445011918731532 0.746855753141369
0.444278010199243 0.743406123607923
0.441800542064854 0.731205842662001
0.441778985777383 0.727818589724001
0.449704445201949 0.713831764207511
0.445106536742996 0.701027369776416
0.444672527101343 0.689505223914841
0.449394329324397 0.687357537972534
0.437920368755134 0.669930730895085
0.443761741249673 0.664946539215334
0.443591134726299 0.656230990656074
0.44305333586003 0.639149701507068
0.443851314733216 0.636719206891071
0.442465870520679 0.625067382337255
0.442917003397561 0.612132500946828
0.441858818628349 0.603020796030915
0.450562383054491 0.594749729332396
0.443407913621923 0.578665522925804
0.438060202030615 0.571657135207432
0.448116536515763 0.569330069811733
0.446172181207877 0.555239561311052
0.441978539336817 0.540358449322904
0.44364722330854 0.535289630617605
0.4444459433443 0.526196909449689
0.442262087967537 0.511896129376481
0.45144438939151 0.508110853361504
0.452166307252817 0.4959132096035
0.438328483808372 0.488950679803354
0.437234525050979 0.476001997868218
0.444554704553996 0.466547802430221
0.443224985870483 0.458851539137088
0.453389080342392 0.453606859574566
0.445700150495915 0.436720562480339
0.456679672842603 0.422477510528231
0.448453137669945 0.411796181363249
0.446191112865515 0.407301441703692
0.442529461776988 0.40148613563031
0.451652595784359 0.391166550800408
0.450415947273614 0.378303242185003
0.448117529198518 0.366954035431643
0.444560730241078 0.355614426021838
0.440224596093276 0.352227651814149
0.453367904702438 0.335020589418775
0.450312384441429 0.333868396761944
0.44372260876706 0.317138804857616
0.447312610124833 0.306341039705923
0.446144042759481 0.294930534866701
0.448444262048754 0.288243049718225
0.438525836020665 0.285258211755292
0.442786579124378 0.263249223065641
0.438536141825472 0.253798579238059
0.444888127538615 0.253711718685847
0.451286982367191 0.233008005609509
0.445124418752709 0.230558691362187
0.443715572320152 0.223724695004752
0.44388443032874 0.212402498316535
0.444664185030471 0.198196203226768
0.445842727900502 0.191103991110791
0.439629518863833 0.182938259792563
0.449959226906202 0.164796904413852
0.443409267385841 0.162361244448594
0.445728185946768 0.152425668921935
0.439507974744448 0.147550304871958
0.453882715478639 0.131007031279242
0.440382430399772 0.114510741706545
0.450519277624515 0.112420300189165
0.449130566939702 0.100138497920334
0.448087100131884 0.0909360178222393
0.448907450878378 0.0778794825769492
0.448518354072594 0.0681498165549544
0.45400363270098 0.0554589191730998
0.440168819170881 0.0453606569243092
0.44348759447282 0.0440600712004682
0.442385020930207 0.0264317554679314
0.448146879280183 0.0163593624123945
0.439252179345353 0.0131591339195832
0.453083010152805 0.00105057845566937
0.458612712953147 1.00016920390702
0.464296818748844 0.993183776411352
0.454152169608597 0.978601841461135
0.460871188948635 0.972792476843183
0.4534201497172 0.958961186614389
0.454552210276828 0.948657440045404
0.458213782508068 0.94431628538192
0.453596068407293 0.932365991855551
0.456849421052746 0.915900633889097
0.453423856920834 0.911006211231743
0.452519524278378 0.904476253174746
0.452757362013742 0.887495389489982
0.455590345344143 0.883529456919726
0.454786456106679 0.871121962357757
0.461890834552669 0.864496079898092
0.461466439752055 0.858300756362946
0.45731516274828 0.843888174144735
0.454931114907567 0.836272503467195
0.459460520586886 0.824053993654813
0.457995913445202 0.81118434002553
0.454320783174373 0.803100353665415
0.465397848108109 0.796019305262805
0.451926604646238 0.775336179667195
0.451401895799679 0.774537918747178
0.457899074721733 0.760059637979408
0.458822610858457 0.757396987861091
0.451340772499792 0.744374948677645
0.452416474614948 0.731879099296381
0.452163847234141 0.719410501732163
0.456612793214948 0.711235970806655
0.451098406767979 0.70480756415257
0.456012847414765 0.689944003437324
0.453316107377058 0.677774423217462
0.453101418079337 0.670791499473127
0.458144437773864 0.665877626164092
0.45387234900644 0.655908511913146
0.451891073031347 0.645150229430663
0.454635673213719 0.632613320800813
0.455194250376704 0.619087406114125
0.458125307288897 0.614287975879268
0.458624466375071 0.603666286223032
0.457317552806266 0.590426790447274
0.454367655710284 0.586023967722566
0.456923574484445 0.573445152893566
0.451008127307517 0.569945949600302
0.45472579497915 0.554160186885695
0.463227449705438 0.541163931830277
0.453179673720044 0.528984372527188
0.452804838524557 0.530283302944291
0.455111091338371 0.512279192954131
0.457395647703402 0.506051845162079
0.455538702220464 0.496921125160332
0.452839120241765 0.487041112431052
0.464220790547556 0.472486384450463
0.457132154816963 0.465164158017456
0.449941310382399 0.457799524450257
0.456876280967727 0.451140927250576
0.459831838424779 0.437445311112502
0.458522318631225 0.424469384287664
0.460659231267847 0.413814539313531
0.4533214118652 0.408108529356329
0.457932617601651 0.394727301339719
0.457233043291154 0.388994978723117
0.45369540280553 0.373014171504015
0.449186973899997 0.371688970217175
0.453761007121532 0.356246673411946
0.458252147805893 0.352137932390829
0.460600957355935 0.33423720154898
0.460671708725483 0.327243423416233
0.461108814070038 0.313923132758546
0.456592400780199 0.308876120969529
0.454940529404532 0.295386189715765
0.456732602327073 0.283285827248756
0.463245826203725 0.274104904984837
0.451578191536097 0.263750297849391
0.457075359258166 0.258842563819295
0.451333040410113 0.25144032512252
0.452055616124167 0.2353015560264
0.454564584125187 0.232199167358549
0.450759823894942 0.219424463006541
0.455673162203112 0.218811163358289
0.454029828794065 0.197622178190954
0.453567400164305 0.190963753826616
0.460806905664126 0.176781571542725
0.453826989277885 0.170063396939729
0.453977304967781 0.161603013624142
0.457048771617844 0.148868533868544
0.452425718959328 0.137734145920737
0.453452845274956 0.130217174429373
0.453783362387617 0.120779775996776
0.456290363941251 0.114947466512104
0.456220960958885 0.0965148831581583
0.454274051214314 0.0886507786948911
0.451765359426291 0.0836563390177804
0.448522493458234 0.0736009810452749
0.448698541718012 0.0624424418959311
0.454783148138306 0.0508911612001238
0.457030790924299 0.0336802905810332
0.460291171806328 0.0284682421825372
0.448616823257385 0.018597191457216
0.452370855137578 0.00706734338326665
0.457312904167364 -0.00657271059244057
0.458514564312248 0.989663230501234
0.472298032958809 0.994543013588852
0.469069659334325 0.984237507126885
0.47113269463487 0.966491938012452
0.461060846467411 0.963751278163581
0.46807352326996 0.946048724938055
0.465235779236501 0.942400363962232
0.466569842684455 0.933656331658349
0.466664359243269 0.922118931210881
0.464477771471876 0.906380377116308
0.466165702313693 0.902956017998528
0.458683302483396 0.889432163943774
0.461752488846925 0.890326638669037
0.469479373495818 0.869010935808035
0.467518813179293 0.860105527233056
0.466083011199986 0.846107297800912
0.466560568409216 0.840845030603263
0.462687291587292 0.831586465101932
0.467579394811863 0.827911449278027
0.471760772485556 0.817064150547292
0.46113735885236 0.800598527582158
0.453706488197473 0.791961756995333
0.465552237766403 0.789425944968262
0.464453321227427 0.780370892293144
0.472100206292336 0.757592392900946
0.459107416973302 0.753668496125652
0.464586274247473 0.752911577088221
0.46119479769137 0.736597529362175
0.464963456447345 0.72816126852368
0.464385393586133 0.710050202419668
0.460885030493328 0.706665861041579
0.463718946899715 0.701541408342483
0.465110948680097 0.681901902589823
0.464930680500903 0.680060473635861
0.460949945838825 0.661341056002262
0.465493927354094 0.646003592653659
0.465196741176194 0.648025428832988
0.465118603965271 0.635652874733857
0.467437983580294 0.62650437302771
0.469026884736792 0.616834370468603
0.46292260468932 0.599630569830076
0.464357811532731 0.597620863721395
0.465363557366913 0.575665622296037
0.466482588950964 0.569904916203208
0.458076606756236 0.56998732732571
0.474350066126569 0.550731975410264
0.46615931148372 0.550903355445496
0.466673513675958 0.534025621675755
0.46619776349277 0.518588003642281
0.460971760288008 0.510117605737279
0.467522077484981 0.507744249223301
0.467392839722357 0.491020316827309
0.465146043094207 0.487318146863089
0.466281993211031 0.47888168613971
0.463050112051498 0.466897423986563
0.467956455449882 0.453135330759067
0.467296006276788 0.450166054712348
0.46721555093765 0.436102405912778
0.460805781350194 0.426474636225311
0.464715260659995 0.413646752325041
0.468418061118948 0.403294879739536
0.466456452940098 0.396628359785241
0.46743805052805 0.38579703061823
0.459826304052461 0.37547358369698
0.465794225503744 0.364390696668764
0.461251405452904 0.355453901121435
0.465470314976716 0.347170726342184
0.464669307251159 0.330067910456183
0.464985948165712 0.324061278276043
0.467308358913372 0.314579612640127
0.460629992514521 0.312591283946096
0.467139755114598 0.297271521839508
0.465086147053394 0.288681482114778
0.459423189025781 0.285261776630529
0.46316320529961 0.266344591269065
0.461805846534104 0.253843789783667
0.458809041221708 0.252582692559153
0.466130337622288 0.241306617288757
0.465490903713258 0.229236876448762
0.457961287418967 0.219667950746602
0.465745563928351 0.202817555121855
0.467021473568752 0.20097879098618
0.466562120177265 0.185276400819702
0.462510854120493 0.176942274395598
0.459161533169965 0.166162519239419
0.461945124170521 0.150653423535377
0.467753584605484 0.148903682851526
0.469897178401328 0.141601643782417
0.465613280067089 0.132482144296308
0.463055780946983 0.122448171079915
0.466739227002135 0.107637319767779
0.460666444394639 0.101562586623083
0.469294641392806 0.0888615915677326
0.470499203088745 0.0764587417739366
0.463980532108984 0.0679368408928641
0.468338414816519 0.0598064550465479
0.469347824054846 0.0475314960118348
0.461535994848489 0.037879693710286
0.463397366885312 0.0353957626638066
0.464260806885419 0.0195731307363083
0.462945496222836 0.0183788016053213
0.458089142736 0.00637911472472934
0.475768584431965 1.00036742511792
0.476136639898188 0.997277646155857
0.472580562282645 0.978701547365143
0.481607613780112 0.972452828382889
0.476573902439135 0.963578764628729
0.477604406298228 0.952797564962671
0.47735046333996 0.943593709138263
0.470789450216143 0.929757039599678
0.471355001036874 0.926129818895184
0.470684851286014 0.913043076225639
0.475494430778076 0.905460823673658
0.47407414049736 0.891367159297107
0.477798174921271 0.882637990410666
0.473146481135149 0.868349382619684
0.476307798242514 0.864086151368962
0.477945359619126 0.847911764708959
0.471210241610519 0.835894338932064
0.478446730867516 0.826895931290061
0.47608855148665 0.827849425599394
0.475719447452924 0.80918184274994
0.477603898048731 0.797194343106883
0.477103166768693 0.78734405805804
0.476784984238251 0.778634075680328
0.474155644014635 0.774359642556224
0.480706339609332 0.758986690159252
0.464405464977536 0.758019334589989
0.479284735138015 0.738658941421392
0.475747658265904 0.733492550606214
0.471975991343405 0.719611018226164
0.475131235133681 0.708784312363782
0.473884842337278 0.702507510347436
0.48183793622828 0.692905415167859
0.478925765515467 0.675476026450522
0.476097227804182 0.680318591752753
0.469516448039562 0.661895295538561
0.475020579681556 0.653814078815094
0.473076565609819 0.643782538349243
0.478774391788316 0.630177041708841
0.474421580439387 0.618385602614936
0.46860329856544 0.614255401808016
0.470626748312375 0.601999619054406
0.475469335254478 0.597948062888116
0.468950029594777 0.58407086725259
0.479469800959125 0.573788309472188
0.475645950818636 0.561296226327839
0.470677421380103 0.555575974887698
0.478318919050958 0.548175220731657
0.472442197368147 0.535679488471746
0.468905851151679 0.520772167830285
0.468471753940042 0.517470083265202
0.468613830977535 0.506328136368794
0.470293517697017 0.495134544460123
0.478825160677528 0.490256290842678
0.475495704799921 0.467555126847278
0.47962416049657 0.475538056928252
0.475920815731506 0.442121847821147
0.472716063708 0.448184993054554
0.474744921244999 0.436022558660469
0.472561272062884 0.425491147171172
0.478699422284148 0.413493928007366
0.475038055593291 0.397028171932346
0.476939732943457 0.39480752993244
0.467635369196046 0.392814594095947
0.474170235848787 0.372702467908342
0.466424238951075 0.360099473846273
0.473385672663109 0.361554093778531
0.475239001394289 0.341605190157496
0.489350093057639 0.346051927340447
0.479791383944887 0.326116024650302
0.475161855424009 0.311598282065977
0.477938591358035 0.304444126998684
0.472570766368887 0.298095828421794
0.479777655635688 0.285151387562842
0.473838072682971 0.277631685821955
0.473602283002684 0.269039856682549
0.483104208695613 0.260662539464899
0.47706914752181 0.251040202554104
0.470559990344785 0.244243469894331
0.478049169907482 0.231401779894435
0.475032833843181 0.211588393932273
0.472549537947525 0.204554036266923
0.474211621485975 0.196900221269798
0.46926328653224 0.185197076398875
0.481948476743688 0.177861426210927
0.473960467426754 0.163050909037775
0.477028733625624 0.160214698888542
0.474527322422631 0.142992641155606
0.473570808288586 0.139398403566824
0.478079642805979 0.12230622902456
0.481920458357828 0.128494923709334
0.47325945110307 0.109931163442783
0.467627331962822 0.0845518429540179
0.471267611303428 0.0900661157889344
0.479986670766158 0.0758524088901471
0.475007072138382 0.0738736729983702
0.475017813091861 0.0615777600042781
0.483485770981671 0.0450387302756498
0.472881097441385 0.0379806448876606
0.466123936544486 0.0332330914893003
0.479352445880207 0.0184154519478468
0.467817462357355 0.0112641785738228
0.473719063298687 0.000644355069534543
0.486429008369411 1.00710447250152
0.486683930379535 0.989931988051202
0.489545372142287 0.981446897509776
0.481577842433306 0.964784457087881
0.48356994149455 0.9615995893592
0.481209432160447 0.955327968381432
0.488062868791749 0.940247534437073
0.492643089599365 0.932322820255636
0.486499323945135 0.914377381975852
0.488049033582724 0.916841965509572
0.483333672640701 0.903487738715323
0.481679330458954 0.894877538740936
0.486852401457517 0.88112073931815
0.490652529229058 0.868103888425578
0.485933098878788 0.857448372700373
0.484363524629509 0.851064585158065
0.48762527749036 0.840537307748635
0.481886347832172 0.834522286584925
0.47298976812275 0.814654997602418
0.482886866232139 0.814811729962266
0.477523438254644 0.805759612526918
0.491129432217655 0.798370469468099
0.486991346311913 0.781076339586732
0.487786833425223 0.776691519440558
0.484520942646593 0.757200730147209
0.482924091131349 0.755775051292613
0.485688523851109 0.743668280842581
0.489724177487071 0.732703439929466
0.487289924656602 0.72377407876699
0.493589327871148 0.717441844330929
0.479454780444448 0.702602541790204
0.485057619378325 0.694588330672534
0.488727060389595 0.678550109673898
0.47931747862822 0.668641346434004
0.485344755637457 0.662650447377753
0.480948169002824 0.653055237259059
0.480847468987134 0.637940964626487
0.486498935211524 0.635490670693041
0.488614306333375 0.620498790738655
0.480402816670364 0.605549272311109
0.489578346964848 0.596874905099634
0.487809318843943 0.590059820506775
0.484743535467269 0.585117695861459
0.483981723918983 0.565090684458306
0.486057732790287 0.558747125409804
0.489132779528593 0.556383524273632
0.48516482814277 0.548683931227265
0.477569233656539 0.535574703849355
0.477937842897412 0.526926762872652
0.480332910166958 0.517514933052306
0.487461854125608 0.509656431651191
0.486456389575666 0.49640320173587
0.48546219003482 0.488612010257405
0.482481549531894 0.476925609548296
0.489805741114569 0.467296763151169
0.477862304464509 0.457355519320987
0.476545281853179 0.456035979800142
0.481559820849204 0.431790961339358
0.483450950403084 0.428197130883798
0.47819440590988 0.415425255661015
0.490607085513875 0.405555145790963
0.483558531321463 0.394677303043495
0.491144294274787 0.390508809590597
0.486404283420876 0.38060665117805
0.47942673999293 0.368279066164212
0.487376152911346 0.358414610457714
0.487141407532513 0.346373727234082
0.487455944464121 0.340920182460993
0.483810162016611 0.331905322469648
0.488512768274854 0.318009938381352
0.490231920551899 0.307205352780751
0.477350777202395 0.298989711854163
0.48287349051761 0.280033833190831
0.48648109718895 0.277518947878322
0.481881926138982 0.261180202531342
0.476871887835218 0.25469556154554
0.482516966276578 0.247110314463683
0.488788719748995 0.240261344260849
0.485004303114436 0.221775791159103
0.486134674674149 0.218600267903521
0.477435453140411 0.204270015829606
0.484889517335817 0.192465906994642
0.484482814259172 0.189923518418142
0.491692233221433 0.182232495917969
0.480942909042685 0.163890858577517
0.489750762473735 0.14948344008777
0.489915742632585 0.152528752383594
0.48399943761473 0.140366652566084
0.48029958725973 0.125861808872859
0.484352216301923 0.110197917473021
0.483495148316039 0.113535031076147
0.488301098986969 0.0991233899983175
0.489650780079393 0.0850586362595564
0.47971992820597 0.0829796329466254
0.488063295006043 0.066656260248159
0.494539532332489 0.0565158782511394
0.486051227391182 0.0442653041836333
0.483944923811665 0.0450383460350296
0.486773573622809 0.0324232574584963
0.481445887905903 0.0170955101497136
0.491472842747499 0.00908754673400855
0.488751034833222 -0.000935480533663973
0.490430674887837 0.995927860434607
0.497061262531073 0.99025286459862
0.494472774988774 0.976591984671168
0.488823444498261 0.9678052888036
0.505612661850164 0.960867125298212
0.494180859575911 0.946010109846881
0.495516431604201 0.93885657177124
0.489889016817443 0.935505801843135
0.498084892289763 0.918071922722506
0.493187113269783 0.908941013644022
0.49552136209935 0.899202300623875
0.49617193532699 0.890460437670186
0.49559855791277 0.888032979674925
0.49513369218689 0.873499602601095
0.496824362168299 0.85977579134053
0.493322826701864 0.851856193187973
0.50037379607906 0.843190244659104
0.494229536318242 0.824604360241474
0.492166025973239 0.81624172718298
0.492372507418265 0.807362057838363
0.495535124108489 0.799130275307062
0.494253128233792 0.780342690530008
0.489630851843784 0.779610328273923
0.49198091014629 0.764381211609238
0.497422500049325 0.763277012471643
0.49638070479603 0.753821459522385
0.496971869648164 0.746180163928955
0.501907527357153 0.724393451959389
0.499924810656204 0.720593241121808
0.493159050312071 0.711420947798061
0.498466732598546 0.704444311219274
0.49070298655652 0.695182988598507
0.498720024345307 0.6842738597237
0.498490359288292 0.674603346892036
0.492003648063339 0.663948438759885
0.487325518518417 0.649324619051034
0.488003000527576 0.642111788496991
0.49892256430679 0.63793077627627
0.489821745065211 0.624230788595687
0.487675614825189 0.607165550258663
0.493331798361289 0.60667619060079
0.491021287795788 0.590899786498209
0.497627654795661 0.57634821453125
0.493331217575191 0.567490696829715
0.494178955754404 0.561630157849284
0.497611923211706 0.553863191013013
0.492564378537977 0.544500812425826
0.49341137533027 0.531698034429061
0.499702601933115 0.529514674867119
0.496796611553173 0.518017151591092
0.495805405472421 0.502876772523581
0.496567075833131 0.491617851723062
0.499436490413772 0.490598899395892
0.495749134183999 0.47406927838441
0.499556745876931 0.466298105287154
0.498309856055218 0.455803015681932
0.491281533758672 0.447559188804912
0.492696283435861 0.434177947359845
0.489361242754132 0.424820615491173
0.499224309393415 0.413889492398203
0.49077771390424 0.401759742453578
0.499425359666057 0.392584321227433
0.49281532511819 0.386559540065585
0.497574550812251 0.371505559952746
0.492465660487465 0.371532243547622
0.50093655162361 0.357252780520416
0.504589157756489 0.343801145022273
0.500874334458486 0.336421934458097
0.505063270236746 0.320763048159558
0.493271248118286 0.312533313141889
0.491915788767402 0.315818821380301
0.487898244066254 0.299717600855781
0.49719677774181 0.293699418730139
0.497510714285185 0.283030625542158
0.501427852159821 0.267454389435955
0.493245530376825 0.257239510358101
0.49781416167166 0.251062912155319
0.491753284194664 0.241033706840746
0.501224842957212 0.227256222287702
0.498710004874386 0.225965920417697
0.4960437649301 0.207193281239436
0.492944345869852 0.19988245847191
0.493406489802365 0.1876195273952
0.492213198135642 0.182785809916497
0.499077584583978 0.171489680644425
0.499361696853877 0.158880854994461
0.49579040955901 0.152348181758626
0.49422465229973 0.142228576635846
0.48706093574194 0.127231495101783
0.494739764199162 0.118508173917936
0.494775277802586 0.106728875474873
0.493658570759007 0.0989693285282654
0.487694891188934 0.090411605092876
0.500985247819994 0.0766872334024271
0.490811202762308 0.0729819640458787
0.502845739126753 0.0605061374813512
0.491895936901482 0.0544867300544606
0.491266450340217 0.0371774103186254
0.488024720603997 0.0352233434805762
0.499112916547282 0.0147108933797464
0.499839643079484 0.0124059636411949
0.498514369584682 -0.000775546174421041
0.502540953263239 0.99671553346791
0.501311476777027 0.985097236893484
0.505278337084884 0.973406823482698
0.504917198610563 0.972195206521456
0.503214268311976 0.953321285376337
0.504529672350361 0.956375170442508
0.499456015574853 0.939752319327902
0.511363453114388 0.936238951572495
0.504710135695366 0.922909012975714
0.509499753351741 0.908626864744162
0.502961574720148 0.896538970622515
0.507454331096455 0.891530162589818
0.508984450689955 0.878582611364881
0.504580559022296 0.866946738432568
0.504005174315101 0.864558887906342
0.509885777537406 0.854760204352302
0.502850462377805 0.84135989354171
0.505168953187318 0.828549856973304
0.513735802219058 0.817759852688074
0.501125566765843 0.812563052499399
0.506089699036371 0.803209248984889
0.509183291677642 0.797879490261604
0.505096071353911 0.78371574957073
0.506451191944565 0.778029060806619
0.499478957601397 0.75777512944353
0.511223383367131 0.757197663792527
0.504819039162763 0.737258436569335
0.506090614176396 0.735275587678984
0.503111568287257 0.728079814547634
0.5020802544833 0.711794468827754
0.514590648790985 0.706076343670026
0.505245346170894 0.687678267047296
0.502260394711864 0.678277805450384
0.505468360523676 0.672432796298855
0.509550939056404 0.667126215385133
0.511893504556468 0.658080037652227
0.510220595733614 0.648099575463173
0.507858701730971 0.634027232138075
0.509342586244564 0.622620146180268
0.50502343487711 0.624555970112628
0.49861904666612 0.603962053882035
0.500479365504098 0.59129441347805
0.502108891839286 0.577822899279088
0.505940442982567 0.58404265547848
0.506908117544035 0.570783898478391
0.510228149764164 0.548842443177636
0.504881726657122 0.53774765807699
0.504090128392356 0.537515375280389
0.50519189849996 0.524065635462855
0.504973018362412 0.513239755761615
0.509150186724219 0.505713906945135
0.508785643421643 0.486795090259953
0.503511979556545 0.486432700732329
0.499725246835739 0.476914091677595
0.504773752907422 0.465523823122507
0.503298887774419 0.450609884539231
0.504095480182759 0.451278615983455
0.505080816355816 0.433037286914067
0.497330311990974 0.427922783637706
0.502290709084654 0.420299355005716
0.499186430468994 0.406415848692164
0.507096076358883 0.396554409407413
0.505201157550839 0.384642996348388
0.506926051941643 0.375761741416437
0.502789059561814 0.369672017143696
0.503651662357508 0.354599357120954
0.504020308267777 0.343617613112214
0.505700399803924 0.338532940052553
0.49926462657939 0.32823240861596
0.498545581471915 0.317028817085433
0.504167625118811 0.299914472159726
0.503246198057026 0.290333529392043
0.501409796124606 0.28500446930037
0.504004662066821 0.276589647982192
0.508447316097594 0.268517446676301
0.499120570402835 0.255854198678092
0.498428246537108 0.250637186953127
0.503752738886367 0.234913827050833
0.500820861683997 0.228261357974402
0.50188015403866 0.208131191132346
0.507687534320307 0.207563179365936
0.501816708367923 0.199352627922258
0.504790949805481 0.188151141592158
0.503959147291232 0.18632762553604
0.505270315256901 0.171879400782037
0.505257757439621 0.157866359355984
0.502399606598421 0.147673666304781
0.508302499141733 0.133459082309544
0.505116710841106 0.13085252208046
0.502383819545394 0.119176799335338
0.501933119582571 0.109149488946709
0.50309781692727 0.100493277055644
0.507601434869362 0.0913014536725268
0.500689106066147 0.0809822864263665
0.503682281215576 0.0698758174338978
0.5057922703284 0.0603802324408037
0.501937668700661 0.0421233657109205
0.507743365778643 0.0411472797259614
0.49966051988034 0.033057941195698
0.504524080330507 0.0193666651257761
0.504348057680618 0.00694666810308131
0.507877190784648 -0.00243240816158407
0.514410260439112 1.00667465676738
0.512899420826674 0.995018329879055
0.513691763013131 0.974227419870538
0.512764555694897 0.972062655845203
0.513180971946877 0.965415877146452
0.520634309136657 0.950241302560901
0.519089724559839 0.942880517215503
0.51759590532236 0.925163050168202
0.510574725181675 0.920862685562898
0.515178267436311 0.903240080125598
0.503199636228913 0.902694876780964
0.516036562771232 0.893033411478927
0.510367022468456 0.889188405259179
0.515412064390923 0.875489759055158
0.522757079971544 0.863772224701759
0.515026886890316 0.85193943958657
0.511667878593485 0.845690787971255
0.515094925577587 0.834298505874764
0.512027121652682 0.817293535928755
0.516195180698722 0.809185740268637
0.518310233694413 0.798997964041132
0.517582352012766 0.791632809870403
0.518235283804565 0.779565259088589
0.508746677481235 0.779483210570424
0.521829121810969 0.759499888112549
0.515790676920502 0.751523457163802
0.50829303917062 0.742895896252041
0.51465428220213 0.73245607171137
0.506496083189337 0.719201733659827
0.511802048379448 0.716612599396364
0.513737993879116 0.70590919727768
0.511904637146431 0.688777216317425
0.520428401790309 0.680339614698842
0.509901706559201 0.683680051981114
0.510436149570867 0.66951594793133
0.514278524224876 0.657882763810504
0.512613881753592 0.649373478964416
0.507277724196538 0.631332363015873
0.519699555438049 0.622935976259272
0.508680298731652 0.615154766898933
0.518275856138279 0.604107318520568
0.514379253971901 0.588261325251302
0.520822594886393 0.58096407951481
0.515006356983171 0.575710996795949
0.509713564933184 0.559153147135981
0.511867662849858 0.554969229749456
0.514074807266052 0.543939221663465
0.521116764820149 0.537027277746155
0.519116323709273 0.519477352872467
0.506146304065212 0.512911536368059
0.514198187337011 0.507910466670211
0.519605991746051 0.490307819020533
0.517697042101051 0.48828562020409
0.516262377797407 0.478039821838716
0.520112617115042 0.472517212796999
0.51141386683016 0.462219244069144
0.520373030990401 0.449640119456148
0.512616330279026 0.441390446280184
0.517131979758145 0.426216629880113
0.512736529085993 0.415981292722309
0.512967508039376 0.408962716655217
0.512672573139244 0.401018914011892
0.511010215337511 0.387632524805543
0.516313208614745 0.384731616393377
0.516946277097249 0.370292275615344
0.513370586246748 0.356787806206672
0.517789745045365 0.345892165475042
0.511665391928527 0.339578972679063
0.51188203637698 0.324552484341857
0.514792439237017 0.314258437798172
0.516361187123012 0.308911520207623
0.50869592534797 0.302487091126474
0.520654096019795 0.283815475941207
0.520292324559696 0.27531708561375
0.511205883346427 0.267111507432341
0.522480690782412 0.256278770423909
0.515186115057274 0.247271593720274
0.51457724332859 0.234591380556909
0.517854704196758 0.228392890585511
0.515004400462372 0.221513821238331
0.511703952899326 0.209607732052945
0.520581577714235 0.200900450169402
0.507216958608004 0.188905829910903
0.517012538462586 0.175151304245611
0.509150704313909 0.16614162255612
0.515384030151169 0.149004327979874
0.522164133077577 0.144186414757317
0.511056265794309 0.138703817922221
0.515239552446858 0.128057490649213
0.511634252046115 0.121826711182367
0.511475013048615 0.105500475778183
0.51729428824547 0.0958547795395839
0.520386949652478 0.0876337342793711
0.516701840061214 0.0784550374066492
0.50876703729104 0.0723154944148765
0.513163701124737 0.0586509224680838
0.51696810527733 0.0509841750440114
0.51833850807878 0.0479356162677339
0.511262197631765 0.0313765478570473
0.516147753747551 0.018127879674355
0.515715650462364 0.0118822314460374
0.512461888629596 -0.00580977278140354
0.52707613592309 0.995847829055215
0.522541404922088 0.988374405643812
0.523698331553546 0.976786465047339
0.520922199207567 0.969578993198099
0.52857252312084 0.960185810864444
0.527563838312152 0.947587448812092
0.525944418741119 0.934587619817942
0.521482097906956 0.930760225389359
0.522762467571216 0.921618638300373
0.525579025163596 0.915098971125043
0.522858908114598 0.898766126335283
0.521854790934581 0.888264253871932
0.523157861002987 0.879174794336585
0.518679520999018 0.872776578587027
0.521913318000704 0.871570178315784
0.525293317257522 0.848132507160526
0.52532289425575 0.844466413657605
0.518388931337796 0.834799634059178
0.519273976024479 0.825100397386247
0.524368622232822 0.809810714019073
0.527628783539489 0.798266101905408
0.523118285374758 0.786886960560294
0.524064990132231 0.78977210669427
0.523256889629535 0.770671888730508
0.526032846960474 0.760904535671378
0.523485234231344 0.754417942502008
0.528130020411103 0.741695682100542
0.529341306481999 0.737914166080428
0.524418080238025 0.732177733624517
0.520980232411678 0.712609678390403
0.528757251069815 0.694098641577854
0.526492182008467 0.698443424757981
0.525959000733754 0.683526187774699
0.519697139191056 0.672402454502272
0.524109565787677 0.66117984500069
0.521783791880074 0.652607008599456
0.532755614602964 0.646828034074254
0.526644834947883 0.635292306331714
0.526681992421339 0.619271481142856
0.534910517311399 0.615308870923673
0.523866971701826 0.607861977224502
0.529767004187013 0.596894045328861
0.519829286498993 0.584021253926913
0.525236265753979 0.569641556450886
0.527016508316139 0.562167667202804
0.518560288450386 0.555896443637276
0.526443781464858 0.539380226922307
0.519054277285382 0.529939939322592
0.526903496693826 0.521357430499537
0.525240542644222 0.517748614587622
0.528940821347419 0.501457849458317
0.516817083959054 0.494432153478341
0.523417744931018 0.487675604544642
0.524373508730694 0.475079761747785
0.529624917923316 0.464478931254428
0.528597195917724 0.454849614313498
0.521131961121242 0.440983656859168
0.526777668700844 0.432891931759416
0.529060014180349 0.422551598103381
0.519748893075519 0.417298712375477
0.524190221447513 0.400013599842368
0.522363650828968 0.402807696269407
0.523460089123108 0.390528602133434
0.529073222795997 0.375121596359109
0.526692498671672 0.367260215196496
0.521510735372863 0.361138133721992
0.526138855839419 0.346444222994486
0.5244447732689 0.334739599418422
0.52176276165578 0.328806145418357
0.525657446367707 0.312761358552886
0.52749149379034 0.306360802723347
0.523006636333395 0.297925143032747
0.528143351984394 0.286507081634827
0.525297033994782 0.26952965290573
0.523069939052593 0.266592783280555
0.529974010639579 0.25681577377051
0.526028261508682 0.244557307615562
0.525999070318434 0.239386910935039
0.529441336735358 0.224948502927692
0.522510987399406 0.218264375413446
0.529080182013427 0.211261470450299
0.527666516639258 0.196021870167082
0.521368115124499 0.186034101359838
0.522766800172144 0.177890074249291
0.521020150221197 0.169870392299849
0.520851580490761 0.158838012871976
0.521487350214611 0.1510692139005
0.524915099475547 0.142388450984811
0.526788748827044 0.130307292046529
0.525600995194445 0.120313488601444
0.527084248969107 0.105945011387278
0.52307385343627 0.102988141978162
0.52293979097189 0.0877941447228539
0.523518174585964 0.0798591162232898
0.527253642028993 0.0649806333660527
0.524874823284473 0.0613692339834221
0.524479916885111 0.052353182430445
0.532962118803745 0.0436398625174739
0.521909956952293 0.025663876316403
0.527120667408421 0.012620671868775
0.530158701294382 0.00691176612589803
0.524515855393397 0.00107476010595388
0.537661825909626 0.997434793357726
0.533592592391817 0.989253777831471
0.529240997570137 0.984939383049606
0.538865875246056 0.963842701876601
0.54103838477451 0.954132326896148
0.537183535288711 0.950789971067583
0.539429269167642 0.938508212090747
0.53080868931173 0.931035343471345
0.535236241096507 0.927933045535711
0.530329747975166 0.912359847098248
0.529818648255394 0.897441810286706
0.531977317238095 0.898047328036441
0.539978671624073 0.879800129743824
0.533817769445033 0.878126204629092
0.527328300964964 0.858409591888063
0.535363215472519 0.851181456489748
0.53124166013011 0.829810323720271
0.534624336874938 0.832021926165708
0.531566001986298 0.820083465966022
0.537825288356681 0.818609751668495
0.53052235196624 0.809868781723928
0.538492983630157 0.786680362578806
0.523888675448337 0.784235806829663
0.534099008160256 0.769211444881683
0.528058804686401 0.763625234429626
0.541260596660261 0.753683278075214
0.535705148198659 0.736014614698189
0.531084843559022 0.731547903659406
0.539078156065205 0.72525318144591
0.53574387278848 0.708508070101623
0.533726142689683 0.703669293275318
0.544118046725447 0.686629436732482
0.534508231365533 0.689386386846923
0.532927117500671 0.671324893931738
0.535249014607769 0.666444245482768
0.540813439414337 0.654623039915289
0.536754705842211 0.645629443096124
0.531030105841094 0.63271775584368
0.535466508774844 0.618769258125053
0.538166128243202 0.609777454044078
0.537516025108127 0.604865987577245
0.537838948274316 0.598182638768082
0.531585008513639 0.581340481992654
0.539674681393029 0.577267137278458
0.535833418103559 0.565352079913038
0.532854350957563 0.554894193669173
0.531624485596031 0.551898898469868
0.536331785531511 0.529496188931448
0.537455997155878 0.524457190099033
0.539937843727632 0.514284061094019
0.530311068225175 0.498074201052607
0.528728239896203 0.485958443129517
0.531912659342204 0.488509014966691
0.535059966897747 0.474608788665314
0.537148726385008 0.462658675683841
0.531520426380792 0.455012391769618
0.531528740372975 0.446506225005547
0.531710374903158 0.433085985244371
0.530657029108441 0.419959091690132
0.538388938882072 0.412597485777114
0.534724410390314 0.397698541565936
0.539138308554064 0.398021266596081
0.539305054443037 0.381260663713476
0.532818352223439 0.372398260398335
0.537930021442587 0.374612475449461
0.531294031287116 0.354783275448707
0.541866915989558 0.339267270011572
0.544177067946433 0.334711411626119
0.540182452094717 0.330697479952859
0.535793164989072 0.317265686622091
0.536018340778386 0.313230581768603
0.536932307724385 0.284963253012312
0.529555172573927 0.28453483075181
0.534249242410694 0.27277702730587
0.539458021636801 0.272587602957577
0.530609737338768 0.253990512187742
0.534888964262697 0.242394922115638
0.524518645326029 0.229843335939261
0.53061391516945 0.223101878435118
0.529291341720052 0.212221733471321
0.529115169406533 0.203341738058798
0.535119689352706 0.203110129435248
0.534481095113102 0.191265819427397
0.532752690003904 0.169574403740289
0.525102344270952 0.16977898537098
0.542752513643452 0.161271992701158
0.534383836796021 0.145990079551642
0.541315254520009 0.141895750772206
0.527376873552675 0.130558018932342
0.541305033894375 0.12070447575964
0.53377276246465 0.103468545455984
0.534872710345643 0.101464833255507
0.540499535934765 0.0894716719212216
0.531635858436879 0.0730461569593517
0.538432666616886 0.0681970291650797
0.527928793384592 0.0655926278312788
0.536239991607816 0.0438732611655504
0.537237034982479 0.0389827805422754
0.526282243389719 0.0279340159028539
0.536168797570523 0.0204281658771851
0.534579133089879 0.00815134760506798
0.530576218871653 0.00749407998851145
0.552001671426521 1.00718513576437
0.550432670491934 0.99165502852828
0.542563215035745 0.980510852395868
0.541256793042063 0.97424111986985
0.540457870009387 0.962911011325055
0.546681846092023 0.948289419122903
0.540111056618317 0.943590826678244
0.546013534902412 0.932519205953298
0.54755877903004 0.915808293784513
0.541469234557327 0.912404591102761
0.544505436441622 0.89856246195564
0.543071695399254 0.891536156034157
0.54168443689577 0.877921090441646
0.540660942565559 0.86868471053758
0.538914179351972 0.864035103681631
0.538857268300182 0.851969298271294
0.539665622375145 0.840106190756642
0.54782908682083 0.831058279408013
0.542070279815027 0.826232311685104
0.543206789301933 0.812586344130865
0.546845118090407 0.795645693060087
0.552061744421866 0.789305943278809
0.552102222243377 0.778347847234803
0.547787789583911 0.767466963457399
0.542251122102908 0.763206090065507
0.545153504504274 0.751274195355559
0.540272751632528 0.740554543418186
0.548121562979299 0.729219170527348
0.55434272105878 0.724678345550836
0.541929897233364 0.708247263905661
0.545132847392318 0.701472710338374
0.539894084040536 0.69194703655185
0.54864756418024 0.683159166090926
0.550624905452164 0.673597017662869
0.543308329804774 0.663632208733941
0.548049969763619 0.663840845793045
0.53738511418891 0.639149988402737
0.548391386113323 0.634086781632187
0.545011640799323 0.625795894878861
0.541072063078472 0.617640230362052
0.542999327967635 0.610042355317865
0.542963008969585 0.59532146914928
0.539414384051559 0.582422917027324
0.546746847327802 0.569224733091841
0.550030091842242 0.571104356442421
0.535117195316429 0.5517150064022
0.545603344141901 0.540715962055613
0.542864694868054 0.533104690929762
0.54092554183296 0.524803832042206
0.540858269414986 0.514226335798401
0.54741554372779 0.508545933273019
0.544048496177165 0.494961883995162
0.554480177954 0.487036048500025
0.544387683697951 0.475038837413353
0.544761618961252 0.46903085370965
0.543495925780152 0.454177865277229
0.546519672412599 0.449844535145005
0.540788606541436 0.435631530459903
0.541009701147387 0.428898683193141
0.550952205777979 0.417599181693803
0.538402511151167 0.399628239486299
0.538850242752576 0.387864207651448
0.543770887983584 0.390453076697146
0.543247925800756 0.377366052334481
0.54268719841061 0.371447316929538
0.547918269556923 0.347840374543784
0.539211504187974 0.351523955741993
0.535087311169434 0.333441488490415
0.54122013367142 0.326716507238358
0.540552768018516 0.312748702094662
0.543236292521855 0.303457701172458
0.545768416487731 0.299232446669358
0.544115915089811 0.292350605145384
0.544419256475242 0.283738901497821
0.54617130807772 0.267743068235082
0.538960754020684 0.258409877045125
0.540800993193886 0.247577762421779
0.544012410241301 0.235163118677734
0.544666955669467 0.226546493052954
0.543535930923336 0.221126382110935
0.548433357402576 0.204918756001092
0.547088878042122 0.201482151043216
0.549963227578556 0.191796461090974
0.545155937280898 0.18155352233075
0.546923584404656 0.160568828773208
0.537172043850516 0.161879821567247
0.54667993835514 0.144790364570908
0.548274127247075 0.139698185204688
0.546464094171726 0.126663605642615
0.543082787687001 0.119015302386345
0.5524922701961 0.106561598549967
0.542719887754482 0.103982339437661
0.540748822500949 0.087035437325385
0.541588885448943 0.0777479357499262
0.545509064370321 0.0610445536392564
0.540275738849871 0.0548998154053685
0.548439323752865 0.0481130250671496
0.550239431911038 0.0397493172549119
0.536693197433722 0.0282562602818096
0.54338815237844 0.0249163451557
0.54200577754273 0.010895750194825
0.536929869338469 0.00161751531508381
0.54536185523804 0.996032201716106
0.551607969157388 0.989084516194173
0.550694269397878 0.982125827218177
0.549695364208048 0.967714883824587
0.549688306716096 0.964262131254316
0.553457167359489 0.957888776516052
0.555941636557199 0.0655027968846112
0.557458694708452 0.0597865914393402
0.558274651983087 0.0450677420224384
0.55287625199669 0.0377597795149873
0.563379949243322 0.030600148796315
0.548238385086829 0.0190546751940853
0.5594776551866 0.00812628446648696
0.554918072093404 -0.00262631135982886
0.560092601062975 0.992211851383145
0.56138441724125 0.994104681179383
0.566127997515756 0.981321814794191
0.568422454384003 0.966788310716292
0.562902262719694 0.963616186434133
0.562702494937778 0.948767809691549
0.569372006235464 0.0399100847341758
0.562535926073485 0.0277837235927031
0.569132775877632 0.0161835544371618
0.566732932930308 0.00607856465015399
0.554695179988214 -0.00229930456560562
0.567879823852924 1.00085757746598
0.573055260639774 0.994275193169934
0.569941728379331 0.981853062762403
0.573379615029244 0.973039732956214
0.576521843123534 0.963189326999441
0.576589606596799 0.951175983754828
0.568495625525829 0.0330458854288161
0.57467042478072 0.0202869037152845
0.571959523917801 0.0118936737872592
0.587751596541703 0.00526304511208374
0.58811585474226 1.00055114243625
0.587439680379863 0.987755910099963
0.586193451537335 0.976194017527037
0.588656493092057 0.969138393854209
0.581734250080009 0.957046745269218
0.587960303294981 0.957345306837922
0.584714207773236 0.0241697261875423
0.579490348153752 0.011247859856012
0.586658979108166 -0.000268546033034573
0.59388346878927 0.993791956941592
0.59013056258951 0.988843049688031
0.602341334088294 0.978427485568538
0.590115239624068 0.972386629883854
0.600197782750773 0.959117721131419
0.593329303989193 0.95043602005381
0.590102207424427 0.0187972517550519
0.588848060805074 0.000938278646270364
0.596715954713722 0.00121308654771844
0.599081575975642 1.00102159529997
0.607740493848852 0.992342583419675
0.607243282822604 0.984228629795397
0.606388482641065 0.971615437870259
0.602120252110704 0.960567974126791
0.609020057343155 0.947702053546105
0.609462881449974 0.00772849011520531
0.601869317657539 -0.00698002697461134
0.615663214835357 0.997349034677919
0.618754043046809 0.985582821888754
0.605959844088843 0.978489314234326
0.61043784837278 0.965972193662672
0.61379253599984 0.961917141422414
0.615286685414686 0.943257206207049
0.605755953942153 0.00905333722654445
0.623122257508399 -0.00870867940103743
0.615577683292669 0.994385500799621
0.625401541218089 0.994308418394832
0.625281169626699 0.97253414057659
0.627970037435785 0.97581121319167
0.622685115571397 0.964284931743448
0.618656765104443 0.945743764234759
0.625305506104912 0.0176869522596457
0.621190416641635 0.00794595968208147
0.634736909893002 1.00383887436126
0.634641475205402 0.994924540399199
0.637009485702966 0.975691938577284
0.639177360695859 0.973222266779735
0.635083713480419 0.959003741640639
0.625109619554606 0.94782063737239
0.641763852334904 0.0146573479031283
0.630848226659079 -0.00581619221516537
0.645053397232349 0.996088364415313
0.644209436847628 0.986810259445427
0.644901606126373 0.981450448163392
0.64421058956577 0.967607099579367
0.646481623221132 0.958628337850367
0.64125148478078 0.948011357403921
0.642694565530928 0.00985672152759504
0.637444758871951 -0.00446912240947429
0.65621748751511 0.99151178121551
0.653885361349152 0.992028262413605
0.652769490473557 0.979725153350983
0.65530271629898 0.969335344575255
0.657621043978083 0.957078708593987
0.64835203099795 0.949184926513322
0.655036018034405 0.00740996687360663
0.649007938688398 -0.00629763920332892
0.648803245131724 0.999769136956799
0.656754538062748 1.00028649347878
0.666324424436958 0.977927700664824
0.669713104995198 0.969584870410596
0.659742977685116 0.959550346247882
0.662083949292353 0.948156003705107
0.659032580927412 0.0104550349839942
0.669340190529649 -0.00215590709852731
0.670717882265078 1.00406475576906
0.674064500620259 0.986837287824603
0.672694190892036 0.98173601853831
0.67801397087593 0.973802869767694
0.674153638527012 0.957562490996627
0.675756624990385 0.956900923050459
0.674323894351564 0.00874850123320414
0.672366376455618 -0.00439515604055105
0.682376544534332 0.99786132834096
0.681095948774477 0.990255516322074
0.680789354629489 0.98502045989806
0.687712328861974 0.971291983684414
0.686572643224754 0.955515820186418
0.686178697446316 0.953543794270332
0.691161075599357 -0.00092278638663172
0.691080777864171 -0.00103930078053049
0.68828454122401 1.00165348846447
0.696710490334065 0.99071596198964
0.696216875424444 0.976781044948074
0.697148484901424 0.96458799187393
0.693475683854306 0.965409284885174
0.692680160866398 0.953932684447404
0.692422310166569 0.00985151921917626
0.695702338668243 0.0019476805868581
0.701182371614886 1.01208125540114
0.703508493448356 0.986007925840308
0.701632326305358 0.972400883189624
0.703760652627236 0.96871321738578
0.702260278352054 0.956475272353997
0.706364310043585 0.948347930009845
0.708199595876298 0.997709234384979
0.712480006568128 0.99020459346368
0.7104371617401 0.98196759407514
0.712037785274214 0.969603592482651
0.713538728443721 0.95629663933165
0.719917236264528 0.946986576654393
0.719762823805028 0.997476297407846
0.728011376622831 0.992286815558856
0.720062200439474 0.978249106444935
0.730257314732464 0.971596687738002
0.726404969361778 0.966823625424681
0.72592683140604 0.94448228272653
0.737330708564183 0.995901411048099
0.729769081908846 0.989649861296774
0.733778460360724 0.979509471895521
0.736157574416063 0.966354277076764
0.738074236796194 0.962736543095377
0.72197044977024 0.953607604220399
0.734560063412161 1.00116270464144
0.74192183191607 0.989256129685944
0.749038678377068 0.978494107237122
0.74668126788971 0.972406117251595
0.737237087840392 0.955191566035574
0.74398184052382 0.950792675671728
0.758209850279866 1.00071908193479
0.7616280204761 0.993196777263168
0.75976746169375 0.978609020578885
0.755773252164381 0.977270257870094
0.753076797168336 0.958197261412827
0.746791965432543 0.949859545995978
0.763280752093935 1.0005613497063
0.769750293953754 0.981833436151967
0.76144009741539 0.972033529724137
0.760769755897416 0.975722054451423
0.764761733146275 0.965224091564792
0.76311804548525 0.954547465140966
0.777307150176659 0.997004543609708
0.771415839418612 0.981902354509109
0.771752888487246 0.973095591938296
0.75818909454157 0.974304943048391
0.774634537991882 0.969989735773992
0.773719513253767 0.944687832772911
0.775571506369059 0.938687817416126
0.778733517967133 0.996892642531019
0.777214301494531 0.990799766389224
0.789893808248164 0.981881997142784
0.781408766798517 0.961097439607652
0.785184774758048 0.949280366154274
0.78212777706846 0.94560057475404
0.779232543748567 0.93579194828711
0.793295709785367 1.00188584372656
0.798374719434398 0.985103469685807
0.795061409367597 0.985158109969684
0.798403387925475 0.976839035424869
0.797553401689896 0.949458450050982
0.802888784704807 0.956475432402677
0.790444724948974 0.94620620561524
0.796171715149068 1.00391387673026
0.803593636767631 0.987273377939603
0.799538616353082 0.980677055738157
0.801386885088919 0.971623206964427
0.802510794866647 0.961775733649807
0.800937465141664 0.951067344264925
0.801131588425925 0.949116202629146
0.801688830939889 0.932905583267992
0.811247115029718 1.00502648625264
0.81568571436275 0.985402612484491
0.814810367966527 0.985423019531575
0.812675316235511 0.969969176670816
0.806637342770817 0.967129251105292
0.808330581265597 0.944471111149705
0.81134819432632 0.935996272828998
0.808560102400856 0.927449876050928
0.81834535786514 0.91264662918695
0.82755281199408 1.00425124979509
0.824267787485941 0.992720946602926
0.823889209739446 0.980914633319307
0.822441311806767 0.966740340013983
0.821233452710849 0.96777212482927
0.822545727639087 0.952309235827608
0.818680970650885 0.936386577977543
0.825524067597501 0.939334380688996
0.821990782827477 0.925204822450156
0.836282197138028 0.990239887975787
0.829185627183015 0.985649442411177
0.836197904592428 0.979551066312407
0.835135058485086 0.968743880406165
0.834200293248641 0.962266933464651
0.833516935072077 0.954281543065829
0.830195560895149 0.948234038623774
0.829669809865353 0.928013324734384
0.830264027384252 0.92187728019333
0.828900717270824 0.914028979149318
0.841803951775873 0.995854178752017
0.836200868351026 0.993592261886288
0.837892253422468 0.981548407847374
0.839335484724626 0.970598154408763
0.842198835524695 0.956698635278197
0.84217245345918 0.947785560609805
0.835779111357997 0.94600458640114
0.827942096931469 0.932699917660593
0.848368915850351 0.922853519627048
0.839300707840904 0.902699829927979
0.839622350520886 0.89640990255232
0.854899987035382 1.00194746016336
0.856556848990398 0.993792156032679
0.843612742518146 0.986394150828106
0.856174424615339 0.969176442475956
0.843549310572902 0.954175355124835
0.859920698807293 0.952428720586266
0.857028936971163 0.943538964769984
0.845921949047124 0.928434339525491
0.857733808541005 0.919272195335515
0.850310514171183 0.9176959013313
0.856028222504816 0.904252384642592
0.854170918077778 0.891863447868372
0.849689506783954 0.890398844092719
0.861127932870516 1.00556525162481
0.862044086067418 0.989058873189353
0.861731758005754 0.979782016866228
0.853283336911658 0.970269072980935
0.855093696396266 0.961628883401651
0.857012100113536 0.947674689348451
0.860915455336458 0.942119073333455
0.866111012851786 0.939187626402341
0.863856254046199 0.923698970874725
0.859304066274165 0.91169081033049
0.865781494496926 0.903842861107358
0.860159734909603 0.896130038992699
0.858456496941467 0.879801514536943
0.867916314843331 0.868598724496038
0.854831997775689 0.863044447886851
0.872871358613262 0.994839700355391
0.869306260314885 0.989659014598219
0.868312275522653 0.977318404650243
0.866843825989863 0.96755849313563
0.871427041713241 0.960444503483494
0.873803417186107 0.946716227821856
0.867173791747695 0.938448359060802
0.87137945126748 0.929152698446843
0.875686973988403 0.923108855303674
0.865804681972434 0.905986529672612
0.871913705500725 0.902866594504855
0.870203812441483 0.887274664234829
0.873298616664311 0.884274453147494
0.871628008228968 0.869012174156507
0.866860192896886 0.866393902226734
0.868078397854717 0.847403324335279
0.868005067952255 0.841252919260196
0.87417669852589 0.832020913784849
0.881660381625402 1.00558189208668
0.874649678891443 0.987920747823787
0.881329058644349 0.980058025010781
0.879956709646614 0.97384511846618
0.874486688534057 0.95989882130818
0.886254480933969 0.946761849195453
0.881358943873934 0.940005278908665
0.878482083793231 0.930939965418781
0.887509305543024 0.919125218630587
0.87837531421966 0.907575267070887
0.884265002053839 0.898707849302239
0.881560261970775 0.890751423952608
0.882720349481439 0.882987551640175
0.881622327607859 0.863940357471342
0.882599176957446 0.859958521685327
0.88864990341279 0.85413044466315
0.881217746005385 0.838375243580781
0.880798447100242 0.832002471285612
0.879832622536929 0.823139741814675
0.87915674905428 0.813945494226227
0.881196166979931 0.802253935554221
0.874759247350611 0.789608320386563
0.878517805199524 0.782676065402216
0.891596060395603 1.00580939302312
0.891555760523446 0.99278060015976
0.898975401203777 0.978530588631728
0.885499208932843 0.961721952866243
0.899909064083586 0.966235520263601
0.896620397495179 0.949823416798988
0.890969469848378 0.930866238188653
0.892081149861898 0.926611528950652
0.89680063212606 0.919074567367144
0.890499958618195 0.921496817252444
0.890990544833204 0.900185636471617
0.891556130066948 0.892779605296428
0.886456572243659 0.881836275344203
0.891994190471224 0.868274820754809
0.891052008954075 0.858034062105322
0.891260869460571 0.849427146668738
0.885841494922097 0.839348500437732
0.8966354952317 0.839745709538182
0.889890125650782 0.821251469830109
0.896546983218624 0.806120603968209
0.887067326518047 0.793418872487463
0.895352214323637 0.79639084435305
0.887685585381715 0.78276493438307
0.897560468049707 0.78648830179114
0.899686724103957 0.784654895064472
