-9.173256430392083 4.205145745698691
-15.024258947431592 3.4662687848587117
-15.474761710637125 2.953782381679497
-9.70412936475891 3.8424986591976835
-16.988048128152247 2.9947046737521776
-7.243392249765123 4.784963258608201
-6.921255141499613 4.7145274066927545
-8.136520621170027 4.581875074342994
-4.6505667017864 4.937244360603211
-4.559479793249026 4.676622753607154
3.433709565704083 6.6423089988253405
7.94336507707607 7.37731662273044
-17.92349223179395 3.118802227525717
-5.599596393484452 5.089448886225449
-2.8008519797343503 6.382733224515858
-12.165959055164738 3.395030671984047
-8.025851264084375 4.431624304627861
0.15698504941160696 5.7858111286646245
-7.536008173398859 4.617555377083752
6.022173515277196 6.634130233789123
-0.4253888058033324 6.160434523447553
-3.819929358122078 5.417969329163263
-11.960328565457136 4.184186283614724
-0.8703050213423928 6.172874568853835
-7.985291101342088 3.867033589872637
-13.261647588635736 3.1996935035336542
3.049128944995399 6.82702914605695
-20.504853513006758 2.340299138253782
-3.565842967102081 5.657423802086159
-1.105270814587315 5.822628432327529
7.408404023836521 6.899446285998206
6.8574941521972 7.215680726382331
-2.564278492736841 5.569732600591256
-0.2524106435281537 5.811357984268946
-0.5739873188584133 5.205849605108089
-9.770460749792914 4.267114454019312
3.1006710981169068 6.5385071338188805
-4.666463395789543 4.7338808787031645
-14.022728256137485 3.5195943862954406
-6.308130011141254 5.069664454951645
-9.62329836056018 3.7099717227541507
-9.44300005789875 4.488757024567723
-14.543321304075562 3.013416668659234
-5.1646546479794955 5.634107364961111
-9.534652156744349 4.569389863728158
-3.6408005426315646 5.521813342821524
-5.686096371386757 4.638672499542435
-3.684393660401139 4.605201165652588
-2.00086803813939 5.257173821211217
-6.4003687823019275 5.191810000326323
-3.6498985290206685 5.074203162084841
-8.740626077063968 4.435079472811453
-1.228356595524334 5.4135657521004745
2.132851540115481 6.3334985337551775
0.10316730180964839 5.987291929654476
0.2848390054553178 5.405556014043657
-10.67445843241516 4.480165610384297
4.446671758667273 6.906054350343533
-8.932148041628357 4.192897834377
-2.5838911067212726 5.901072780855637
-12.236963189399104 4.29234627366632
-9.102284552889952 4.144166613942721
-9.048753698379574 4.264925737386403
4.000917689905517 6.572162396555368
-9.33352612886927 4.1774095268408535
-6.040444840133924 5.299261446973698
0.44626579829930524 5.596485706127336
-1.0854410891004793 5.35672109441292
-22.361825327388242 1.7684811368275
-7.921999119948296 4.268457940633002
-16.537578517103142 3.399375168428144
-7.547708442056463 4.195618530512792
-12.503075315627976 3.8276689684669094
-5.3990590918938635 4.57655314994662
-11.671623157905508 3.7297145638836513
-1.2521732522247526 5.8396820870742765
4.179058383165135 7.0001443172355975
-11.635043136945798 3.51708911862684
-6.777744762511537 4.903632475978256
-4.522020208674756 4.859366726504019
-13.084254037788638 3.74721275834147
-7.080604747052444 4.325085448002771
0.21905530568015052 6.533083160018172
-14.78554275206647 3.1840724867321963
0.4174533205105986 6.400300726495011
5.491300638715643 7.54136796486042
6.014540567049782 6.636558408364707
-8.373327949063414 4.463494896871302
-10.184782866714157 3.910778072597538
-3.9753598058198962 4.919168160749143
-14.397374627082003 3.5098517225806702
-8.5919703585598 4.516908035242296
-2.5324971093912962 5.700956792703982
-5.530729836578258 5.018142818856818
-0.17893515243286462 6.016541711255796
-17.014541292295952 3.4456173425311167
7.189428612681732 7.13470718620411
0.657506223520115 6.227391045946721
-12.738999326771935 4.218358571530341
-9.003824833463803 4.4635135685145695
-18.52845430303628 2.7659432564021365
-8.515658912264335 4.808693395463846
-0.49075630794787894 6.189446498757229
-12.857000795795397 3.9379999897397147
-12.67246868990345 4.123416661938266
-14.019125547424338 3.334404659208497
-9.189081415061889 4.4889857761159275
4.596890261808278 6.936508304620986
1.2108877705922758 5.699965031194652
-3.0179526018661598 5.122545109389948
-4.36635902043481 5.14231526300941
-6.805380105191666 4.494702584486097
-7.505886794685381 4.770713939077795
-16.093854104420153 2.9247476444751137
-15.065070460023147 3.181813380360796
-3.008467023764292 5.421888034844565
-2.5730307368431906 5.106069980268201
-2.573932601644862 5.178715675600518
-6.430086621691938 5.088422438858001
1.5902011640721883 6.653601488997406
-3.25809094164901 5.285261842611934
-15.06858323650155 3.3095548794076697
-3.1377059804995775 5.269044009370491
-10.681586309879446 3.6414138152425086
-16.09062766250835 3.062049603503496
-11.623606925454787 3.8805061114161234
-2.0220319093325023 5.245412959252366
-15.451933224827803 2.7608895417836257
-6.672712948505552 4.370818551724653
-5.131223522426322 4.8018165658549155
7.278805502503861 7.387482548487564
-16.80981040703904 2.6761275154330364
-10.51061568004155 4.325382028474006
2.500757867592424 6.404226914947412
-9.310061936283425 4.3386749334768036
0.7082728640577871 5.885517870634655
-4.180683804511481 5.2690457713064225
5.173636023399283 6.9149817923548484
-18.747867971805274 2.337064074299974
-2.425674986685825 5.478272740142917
-8.291336027219744 4.308224246571968
-4.383184008660122 4.691747584739349
-17.72647452160287 2.8155780920407514
-5.987031612853299 4.78155413539284
-8.60315896684659 3.826755209818178
3.286624174047775 6.284816513682409
-10.612875028622177 3.9888072618267736
2.02844730972478 6.005736542291061
9.505051018535088 7.914092085102613
4.471090238748106 6.696062445998466
-7.539533934973884 4.562065198108899
-10.421185801067438 3.9954618937690562
2.0513158590999323 6.001204726159697
-7.679115144794477 3.9772591551591416
0.9052717986558028 5.691181055899696
-3.430023353574651 5.529395719503176
-0.4854684243480465 5.666029051162238
-5.252816966202332 5.318690660306576
-2.868119980082164 5.6429349365548
-14.311003358142782 3.6147568774791456
-9.261169817387444 4.019731140363045
-6.047190003559388 4.554575016319671
-11.377321141077935 3.6308157325376538
-5.1512930340101395 5.195168687305404
-9.0108264932563 4.257385114421416
-6.834818143171618 4.502191911427982
-6.248465956135783 5.0802980106759374
-9.993060296309107 3.9411215777953945
-5.114355113836873 4.576979451460016
-10.908332845859375 4.192579932762362
3.2051934037457706 6.191049567986532
-7.515476317459271 4.727794392275731
-3.137678313671393 5.776591105201464
-1.6678645351834054 5.712933132721016
2.6184339424237297 6.642272243264715
-5.811934877975437 4.643827014578436
-0.3500316239128791 6.071118296561925
-3.69069191483356 5.024154532467302
-11.550721689284254 4.142423891559584
1.0806196559015282 6.423581226005263
-10.331241946801228 3.744977019868057
-1.9186557015514847 6.011799548977989
-9.82362459838128 4.210142896072278
-12.755911917473071 3.4959966810050527
-4.413142874260203 5.485044732559652
-8.751103480346238 4.430601542317637
-4.995111861619146 5.042863114669085
-19.62995897506903 2.881719611959692
-5.785270158635167 4.435204278580866
-14.653653053506172 3.4919970629072603
-10.399699466286354 4.208028491500894
-3.68673380795275 5.041023571012108
-4.4330978244697015 5.021016177946104
-2.275425797537503 5.280442743470976
-4.201103015546339 5.848668201299981
-11.566724737704106 3.6757743201964406
-18.8249495815097 2.4841885781978768
-13.750967726927893 3.3318238584450186
-5.62773760805967 5.267012323800722
-5.933959356653055 4.618377408152186
-7.9821727088977115 5.175512259402629
0.02560138474255602 5.058672893770252
0.7930226411355958 6.6270882168764
-7.1489090536629725 4.2339055419987535
-14.44132377056706 3.044641869723139
-5.487032742548858 4.446730642549129
0.5053743611439119 5.362689732916542
-8.105558794842139 4.177886805123883
-17.23466609807559 2.056861343621504
-5.110842801431259 4.6173744360351625
-0.06800512560938987 5.312652030957474
-15.526381678182558 3.905069811322911
-3.6329791598318213 4.69702258849717
-4.525775644916841 4.4296223268870945
-4.50169415544064 5.0221218980933475
2.7161824947887556 6.476020806887483
-18.47438878863611 2.963810953629669
2.607616231009956 5.920467840762964
-8.53930433342451 4.773910596917164
-1.9296306134691341 5.448808485206058
-0.3116264386467247 6.4832637033451785
-3.37576414098064 5.054141141164902
-1.1566563074029341 5.942209452232688
-11.214857473793273 4.12931311493301
-3.72856888890961 5.692546768209725
-6.248194645104892 4.657936041551857
-2.2139595349285157 5.635849954399351
-4.945255593140671 5.618747759103709
-12.821341747548763 3.561442466395592
2.714279394194662 6.894855920521206
-6.319539117796408 4.430728108851337
-12.814410137465156 3.404338125110266
2.2788507151041983 6.0791342350459825
-1.183204788785063 5.346230074738443
-8.568663380062791 4.43015782986393
-11.18327178215458 4.674242482090886
-6.671557880200891 4.199688919519604
-10.69097176032462 4.736774479096617
-11.096761230861743 4.639393144313766
0.5362525254188384 5.861760794568061
-7.4896434037663795 4.59455747429056
-5.85105452246443 5.36754846117388
-1.4846949112545191 5.33583897366466
5.715408542277119 7.060533881170695
-4.121784459691041 4.505453759633578
-12.60875092450771 4.04294316576267
6.950812549063066 6.377739484639951
-2.7817817071243423 5.428993402497505
-14.543215971000766 3.1248545099318576
-2.9285123260247405 5.511910541052978
-11.615500041627012 3.8123973544292094
-2.805730201990028 6.059645327919578
-14.104956184946415 3.391996688808959
4.531276957489645 6.843038150938714
-13.108337754708371 3.7478482145795864
-4.057572016033371 5.351959669981205
8.12607478704259 6.944137543034499
5.994691485215899 6.939527777634317
-1.413215921621057 5.958665651762452
-0.9883032012484039 5.432211920437523
-1.3995965105290695 6.014554341437275
-0.8435366160271895 5.654894437384143
-2.6025065898643063 5.060204953433844
-16.586722859492305 2.51386852140757
2.9859021250079296 5.995078392993772
-1.3199966336123836 5.124726158600466
-11.992467851101573 3.7804627666811563
-15.953655802698231 3.285380309747602
-4.378597105969075 5.3317361500746046
-2.712905453544818 4.855977443874295
2.1364646060837984 6.094762758967065
-3.477553503783334 5.521117283481122
-6.857220837313768 4.543928452420067
-5.399938663634735 4.478311006202452
-5.163652667097697 4.684344681211158
1.6695439255843123 6.097666938398436
-9.594968391264468 4.680824785260429
0.19069751806777546 5.966469545805921
2.920198206326825 6.255250534167629
-9.638088181730335 4.111538003864221
-3.5155386940218847 4.720176291902261
-15.077747776939134 2.7471674810113598
-9.49546383057233 4.060066505791305
-13.466844573091187 4.235716034325403
-5.217311314942972 5.072272165356935
-3.070485873479406 5.744779931338058
-0.9764730541070223 5.668280209688039
-6.052095826234336 4.626249652424193
-3.2076216493801892 5.484713126641921
4.711250344848363 6.556516938324965
-10.655488453381334 4.155649508627989
-6.382280157611343 4.180371029531609
-8.769057428379156 4.840704263175211
-0.5135921241903549 5.964850697223941
1.1827265561109606 6.401479783092577
-8.720557171064083 4.141991415742904
-8.620385907721458 3.9381991439415005
-1.01987491463469 5.606035877878937
-4.132647623269308 5.215296290274729
-7.188519006426666 4.793325177564412
-9.318360529447016 3.791510275472815
-6.769228115020511 4.345181266814868
8.403912178081585 7.650526486399055
-4.05593047413952 4.922743583349346
-4.131936020982167 4.695544175172169
-2.5974310207467246 5.263147936480676
-15.153099758750308 3.422111193055779
-4.7752339687013405 5.685504682877182
-1.8563308493591704 5.616056427828449
-1.7750454588871611 5.32509786545112
-4.009696971576776 5.172589683094078
-2.4369245652588414 5.552741130848248
-6.682793225896289 4.432693262333952
-1.2984288536997388 6.088590063716628
-10.490504145739036 3.9515022946543925
-6.325575995817189 5.088313088441913
-0.9630830276724778 5.399745658280395
-4.209458884694511 5.2536662881310425
3.694790678595604 6.133249403366652
-3.7926861454281044 5.248033217307206
-7.0056607221172085 4.875101823790913
-2.123356046043474 5.331293447559522
-11.964501547962143 4.121860976204599
-12.680409791811542 3.6574535494976486
-7.269621517359928 4.455326692782878
-2.788741456130244 5.559514151358771
-9.533373820627475 3.7555465860324104
-13.166070365501042 3.8272490317167516
-5.180520810169887 5.1596799071497275
-6.121733480065982 4.8200556700506
-5.799955449259388 5.159424130588144
-12.83059568564941 3.154405881660743
-1.0937340157400923 5.370658355942712
-7.165961726994108 4.294611185477491
-4.857567951402229 4.815383027498915
-12.33897163149682 3.6330299143823463
-2.001133272928707 5.435483219515126
-0.3962778117463941 6.388238209088035
-1.461347120517114 5.496237163115509
-5.053042712813978 5.025464444120477
1.1604670069649616 5.972329989369071
-5.471370033700098 4.948193433407612
-1.627454389081954 5.551770432878682
3.243694567360542 6.137031658247354
-3.3369327811287466 5.054767255452113
-12.906739502175295 3.983628121932453
-2.3548220742968575 5.388950809879129
-9.622442677301223 3.942722836066723
-10.720391362717095 4.023270212591039
-12.819746012554145 3.6891052108484157
-16.021191205635066 2.4510116411420695
-0.9505666219095694 5.8624370570231275
-5.727490114143867 4.736787363189726
3.1187511752183408 6.298065929766574
-12.223926802682184 3.6131429318534494
-4.7757736048073465 5.340363054516514
-4.882756443860736 4.820257074760903
-7.979723526487932 4.749713719876496
2.2069760583467346 6.4727015718180745
-3.2361485358024535 5.056347930911309
-1.9385057293725785 5.719667002255115
-4.543309585642735 4.592569615449093
-2.6658753059369533 5.321568908771065
-8.067389566391288 4.364047056375347
-2.721680725751396 5.718525893577235
-9.894262814350931 3.774581746488333
-18.716280712539266 2.480757111362348
-3.284249034551717 5.148985672814584
-5.20142125611596 5.869652028271824
-5.003824351381292 4.265120777409975
-8.964558739442442 4.549971428278794
-16.914076456856776 3.30725260964165
0.2391396530604597 5.892026526562993
-8.74546635007549 4.650358507046625
-4.651048573722889 5.014056904555044
-1.0895799548917635 5.655428365425402
-5.576013325172384 5.3437378226266
-12.701187228816604 3.3907352247882527
-3.5248856704885427 5.081669224079604
-2.920137755263556 5.881050724139566
0.7623010998264723 6.128283711586479
-3.2886352598434874 5.101017273195833
-2.7933100176673222 5.67045188791005
-10.373128036256006 3.9326550500532327
-12.79539380371775 4.239944730054371
-2.776536957392602 5.075468247703635
-9.63203355166847 4.923396291081962
-4.835695018533515 4.920825941716744
-10.629986090245353 3.6027829794010477
-17.866389092237277 2.847570355808528
-15.013567859940844 2.873036609252213
-16.719036344985753 3.0802395189847935
-7.1394133878426445 4.600514486345727
-4.947516567171983 5.346598474057432
-9.013272396980717 4.3443063730790685
-15.60878036695247 3.2561994862492574
-5.289032382083685 4.272802565164949
-0.45207359527434043 5.558537131332104
3.0235209001570187 6.697033900593646
2.412987405006028 6.031826752064582
-10.13064820603323 4.153386084801694
-6.283894697470906 4.008670305469689
-8.480755321927258 4.577661372519121
-3.219729672811636 5.858338866836455
-12.318279470502643 3.6688849382009234
3.4177680801547847 5.8044102114789204
7.823074205062985 7.216481690092046
-0.160917542045099 5.6551241223099735
-3.1809011307928916 5.444274403771318
-5.975159169266715 4.724229064514265
-5.314742652243035 4.959343748297856
-4.21246176241115 4.737066158861672
-14.558957424543314 3.419349492842664
2.91629632079923 6.375689987474485
-4.2662487588748155 5.4957091046974735
-13.86560735144369 2.8092470693056315
-3.4633008253286244 5.628590257996045
-14.017642884044308 3.13807840910764
1.484423559969068 6.604497656734654
1.103420641096272 6.082045395596027
-3.9327366327894433 5.170639642400282
-5.134492692245133 4.8296933235653485
-5.375302054354076 5.186295184176472
-8.991020242833152 3.919537414618958
0.5996756146264861 5.545190705189089
-2.1938658319178357 5.264413819349527
-9.861290722475816 4.654317538385471
0.6167979712780287 6.429694330911788
-11.756102668559793 4.248310178746122
-6.798515545624641 4.305197083933385
-11.472686484330339 4.064460850489825
3.1405556942404917 6.906348834600545
-12.498298546655171 3.227809519978269
-4.359821595421977 5.058941947641675
6.118539928674975 6.5193629451129285
-8.08211600549101 4.2783489273086595
-8.177191213880398 4.179325982432122
5.988337437849838 7.7898494315234075
1.8526147221287834 6.303875351211305
-7.928979338316473 3.8474984909646257
-0.4538714923464173 6.13579254770119
-0.055335579996562245 6.004154586204303
-7.0169919964905745 4.897588857546889
-8.14563328081216 4.391824083498376
-4.143738767552933 5.434754434783038
-11.052295969411004 3.74120971838065
-13.623001389352575 3.7153317587231465
2.2099970391943176 6.988313482123211
-2.2571718358282014 5.516846513751856
-1.2433813488828154 5.586316004439986
-6.413410314617844 4.6003221743512785
-8.08067924846712 4.876615627679834
0.21059017634406008 5.933160216159571
-13.608797842379957 3.6813150085933817
-5.275568389282438 4.631625442319989
-4.170829679091895 4.9261625268960625
-26.691643921557656 1.0962633959460995
5.542798047749562 6.492547987796293
-8.41315618816722 4.4033401529586085
-13.553165397980418 3.1595204175524065
-3.2068254369811315 5.236028400263211
-1.4589635202630569 5.2647561505248275
-3.867013237877341 5.476616619431028
1.6893422450873725 5.930035509173648
-9.147584356613446 4.161395118604678
-2.7966480726274967 5.735861102614229
-7.615287813406809 4.621434335700739
-4.942211009342564 5.132661911278742
-10.509982155652345 4.289823989426414
-4.31326890147722 5.624926030792169
3.8575042483793283 7.002748891527841
-14.711358491386397 3.2068087939369248
-2.5857289069352976 6.435430352310347
-9.49173626587337 4.273945742010178
-9.110520268784391 4.206534100232635
3.118921320236227 6.286669618616967
-4.341470147583612 4.744698020226734
-11.793405196401107 3.921039136394035
0.3451666287636108 5.710510162441034
-12.706142499101109 4.005741490631083
-1.1852089642050867 5.182918604568828
-1.9839309582207751 5.812125671321384
-9.983546280232975 4.466367048804814
-4.613553238980524 5.0063286666748406
-15.062833222222157 2.900386936150415
-14.740494638730585 2.7522023038169765
-4.499470077645615 4.925675024864818
-5.603149781684518 5.15874398680828
-9.256376988104034 4.816903123510711
-8.834735089076485 4.2107417805216265
1.7128163994201335 6.669169482113054
-20.9278847208492 2.2174882016380577
-7.293816296891629 4.483079343981789
-5.356494869394928 4.724304895366902
0.4766278873883847 6.124468277943583
-7.818689905918525 4.992317188077526
3.610101918368672 5.614287047353911
6.047513850505146 6.669200958089675
8.155575378500274 7.278328433758494
-0.08995847457133266 5.871048197044608
-3.550985814345825 5.0617146393606465
-12.639599183945279 3.556261389006032
-3.932939049133907 5.289084809557181
-4.5736311093791295 4.86914399719679
-5.727176915406192 4.561784123351764
2.0936365998741655 6.178448385483275
8.2901856070062 7.255489534623768
-13.549736921917507 3.610768574499847
12.546047513593273 8.076226249702497
-4.437460147009282 4.980900801207191
-2.6485224652896044 5.369803091210852
-2.539375322501284 4.963584577071447
1.6575210914027938 6.441926757054342
-14.2846576131855 3.5547487309892634
-9.476274134637727 4.289468209571785
9.746619558595453 8.01267238412645
-0.8484179718265823 6.358469927385364
-5.974768888641291 4.69909660334908
1.0367050409126692 6.683926258360738
-4.275929781180753 4.642604664116976
-8.18520170072056 5.661190292344022
-6.023860549578527 4.386627902934295
-9.910494541970504 4.52184312141338
-6.689268934642547 4.492108664525352
-1.2742450550341444 5.668789513377155
-9.383870855947379 3.817459078972913
-0.1965445551631788 5.763602222770963
-14.412240564259818 3.398502881790411
0.357129014234868 5.8227779339293
-6.796948070868961 4.710230729335668
-5.411063866483713 5.061488377251736
-5.031298373813583 5.437712088494706
-4.179015579635368 4.71987419637199
-2.921392054914362 5.236178295509478
-10.928152930285652 4.337888258761727
-8.06272403875408 4.208532664179154
-11.2556618006894 3.5565625084198453
-4.421103255565102 5.165674838078798
0.6794878342693176 5.816713418607486
-14.749172433361126 3.502051655863942
-8.756558060992893 4.743570696276821
10.001055751916887 7.689951396529125
0.0642562697757878 6.636253343136705
-4.821345514702729 5.310446320604205
-5.4009494737863335 4.9025827945653155
4.019062476335746 6.299851670576066
-8.425825699273304 4.021524288450719
-9.476498868026884 4.209683731606452
-2.123021832021301 5.145156761113949
6.043487619591222 6.458098174602944
1.9392837597716346 5.942252859366623
-1.2028721312712105 5.794191556829148
1.1479180927259272 6.159881466996536
2.628613259710429 6.9445259595599484
-14.121562436825373 3.266509598613747
-13.054408331506595 3.76747246613259
-9.736780275543317 4.039372965543609
-11.852169052446039 4.561950075376067
-11.558685164269242 3.2908286839551146
-10.022274037845072 3.904513856728438
-7.481870196507449 3.992861053773456
-0.314274847962138 5.802606453329602
-10.473299225974436 3.7015065186785225
8.006768857311263 7.703763053279159
-8.833893073841889 4.297210338503704
-0.4294475959998749 5.700075167391111
-12.564120769216284 3.844684074481746
1.0441507424901353 6.703828477072202
-6.368211277275163 4.536037041176804
-10.742869646172572 3.9012371963084393
-6.854851107093202 4.239355807076349
-3.7864709618475847 4.966178618966913
1.523450703129809 5.661200533631353
1.1647989909929004 6.188466483012421
-15.961871359710493 2.4227309722598656
-1.3546318980459837 5.486912293793963
-4.589440509918465 5.4067134488590165
7.670128149099197 7.258110184717772
-7.571775289941899 4.783600438475452
-8.344949324763608 4.096248912897374
-2.855674872853949 5.276790465640648
-11.781760585392988 3.20905110801733
-0.3511485416351494 5.366738396293707
-4.676170080521232 5.68406093964634
-0.06479458095991664 6.003923877227526
-4.148298317518199 5.176439260584999
-5.5364939603572765 4.355003853139022
-5.26870776777495 5.2787565596689205
-10.651238064932032 4.0051739760757386
-10.892537683474039 3.7648584228444886
-7.28334126197101 4.028385626920163
-2.9730798772598117 5.581398808872957
0.8065906600332777 6.22206709288645
-3.1805295777287323 5.781760906791057
1.6807981616826773 5.898644436881521
0.019876420745335466 5.9371594152742135
5.608903703951897 7.34579236647086
-11.297296422402543 3.790660578125899
1.6155299863833728 5.892919665441187
-5.66830324268655 4.530661849887976
-1.968138447659514 5.205699377476476
-1.0070132598320782 5.988151346593147
-10.298086756610363 3.9284275353413705
0.4013316976467767 6.008272580667324
-12.363682439405894 3.4972913479368612
-7.34545087700925 4.382031068114818
-0.02846187987604676 5.921242294174815
-3.086970221929297 5.271056382927848
-12.920400530099514 3.3005002151895826
1.6848360093505335 6.476072426077811
-2.5222179256319035 4.66098680607995
-10.742230054819537 3.2602215980162974
-1.437635776043443 5.752440330118786
-7.987887203779834 4.39739377761578
-4.054104905520014 5.549584940450543
-15.114794296717932 3.2004060273843615
-18.317924005305887 2.2243524121294347
-0.8478859143578372 5.806481060158812
-12.266238520721693 3.7107398137533893
-9.862999206053992 4.483808407134063
-6.4824888036743555 5.117744540636461
-5.507292603167116 4.658639432698141
-1.181030673203975 5.627980701020786
-7.3352803391813275 4.485345198721172
-4.899005961399896 5.102168572415526
1.04184169397592 5.658455153557258
-5.751845863142785 4.6760688292033326
2.5434700281136813 6.462284251657203
-6.124870037912401 4.263545051511899
-5.657351977337494 4.581339136693999
2.6860366529967497 6.137338049512707
-5.398350874806838 4.728017153492618
-13.316060745079309 3.4297601044742914
-7.058838970377337 4.125985774037691
-1.4322779383882462 5.556571572310447
-5.098143875624358 4.959881383241198
-8.188427127013037 4.392911119758007
-5.723033267897181 4.5520598944506645
-7.8456076638462555 4.44608834105368
-8.272164205152649 3.9355947503645172
-5.651272036555784 4.773887055928581
-4.622169131183353 5.789081646856052
-2.0707123433848285 5.508855605688209
-4.337979909236941 4.698289859157224
-9.0369200137519 4.143305665722384
-5.257735651323882 4.89876051625681
-1.8187513921841267 5.592510031661148
2.333709425002681 5.894459911331139
-3.78122891140352 4.794150291375613
-6.037996388209326 4.996698191102132
-8.239789277237918 4.268537259165646
-2.8744640095181855 5.391839361601434
-11.809139179126788 4.297711523530013
-5.185685882429162 5.116611736736861
0.34832933658206144 6.074017364289181
-4.490555754071531 4.974710045464429
-6.6976088086210765 4.069390263962319
-7.79281818853075 4.88123859275609
-6.740426269656939 4.432420196322566
5.51959060668732 6.696681863213917
-14.185459948635428 3.8677214044204984
-9.51964913136035 4.729878151097912
-10.187362790594976 3.7864285337871966
-8.538239826886457 3.990085176905735
0.9036395096384293 5.737706929917044
2.271295619147473 5.695728052068509
-2.2432091187151904 5.970430261219145
6.872502332804647 7.761975082805071
-3.1947624699789263 5.620673185506725
1.1849554910362965 6.001417539185017
-6.537190538420895 4.409986115295641
-1.521873515857398 6.3265211049005
-1.8378479203159577 5.375204443833046
-5.262663506284113 4.637599066062901
-7.263475688930545 5.1426382253036795
-2.327639966818946 5.898404357358317
7.143173507747299 7.034118594435599
-3.957866889231977 5.473008943835655
-12.056051878703325 3.677499714203022
-16.94882384125247 3.1551226824678746
-5.799521858537769 5.011924231218366
1.4560569617113082 6.018088460861529
-3.8478363086407494 5.521980944369612
-19.738787429435273 2.7801635680160075
-6.346877688386136 4.348657033910787
-6.463120703334813 4.803298087186619
-9.017122060614133 4.215062481266614
0.7215777217343486 6.385471040208755
-9.138676110301569 4.640429527148577
0.9561874194628395 5.414471319907652
-7.921886548743974 4.364577626813912
-1.1176848170479956 5.797027624029955
0.35523136230716457 6.197126100112001
3.287750526997206 6.136096018207223
2.8442400189758583 6.481366135827889
-15.71021814602448 3.434653402960154
-1.4827758102555877 5.892473750161454
-2.9741992153167423 5.128101896830502
-12.90702295479046 3.413795060180922
-9.22016150933454 3.8783241552546404
1.8251863642700972 6.361106852182842
-13.935831187786333 4.103598212172738
-2.687960747805659 5.456646362732466
-7.26097742089977 4.427884811986136
0.5104667592806189 6.365147993394901
9.883748480563877 7.325990162162881
9.084423506764725 7.552245333517732
-12.659709828261212 3.8876549482266727
-4.361838677412114 5.267745376138011
-2.386301758549093 5.764693898868025
4.165198214676851 6.674903722322877
0.15516157137884345 5.804516197861663
-10.431157308351414 4.376192940002115
1.2689344518324432 6.166476652868356
-1.183605309211352 5.348694110066649
-12.779671250202167 3.862811216654996
0.7714062578247276 5.739454877573856
8.327069621160017 7.925381767602133
-1.4390131709115686 5.235652899973325
-0.4485168905267365 5.604784587695649
-6.745223563730798 4.309764813831
-11.479218192255333 3.876791708474803
-14.340667770712487 2.933802655564958
-7.669260693380937 4.463038581733678
1.3342063013048113 6.354740319708752
-10.835078385344538 3.7855886482602696
-1.614888331896192 5.535633898789568
1.3921775092805682 6.68223859870638
9.665069661144795 6.81295009871159
-14.954174796203725 3.1683706928440367
-1.6486911473308212 5.561060900618263
-14.743448295404233 3.5389892192405448
-7.553366065297473 4.060563519918052
-8.557358766316879 4.387768419492726
0.42894305040041036 5.482300294801105
-7.404381946917221 4.6357043406008716
-2.5692126023336543 5.567988435729561
-7.360639432840991 4.9881330004867035
-5.746464498482313 5.177253114353501
-7.4896728835556825 5.107471854681409
-3.740781018958151 5.165811713310525
-7.270397171299816 4.551310653226592
-7.932203633414737 4.403408507623091
-8.420259256804183 4.665079823255317
-1.573712330581647 5.6618259275447755
-7.226448537512121 4.886329786075303
4.690531906506775 5.915921955632303
-10.445077214278943 4.246985955418912
-3.538724810048413 5.005450541050644
-2.1643449634148793 5.351235344910078
2.1555992061032647 5.67287501471244
-6.240920045571563 5.057974368519793
1.584103007769075 6.289951232273635
3.247697139265286 6.005361504643577
0.733308582531647 5.245087825404502
-9.509192675557621 3.8704721021930584
-7.882304671679314 3.949907479858993
-4.790140723585331 5.000034422203358
-6.353615253615903 4.824864574535569
-3.5353571775714143 5.045193334248968
-10.978830807912418 4.425008750945083
-8.866397063145342 4.2440332804583845
6.371308831727479 7.757766448432884
-13.188753443812333 3.7150136876162794
-7.486655338841196 4.149882994309608
-6.803785190957153 4.722033952452532
0.3684569349056277 5.889353644267187
-0.4624394085677368 5.788011144916134
-6.698476388100673 4.457981086908841
-6.3282210130847485 4.531637085857828
-10.505023827668898 3.7467238207897586
-5.3219223405880705 4.962888152914945
-7.967536604181252 4.9582634214426635
4.227278957699225 6.8236904641205545
-7.976956171995846 4.426002592053036
-11.04716578983383 4.128612993867949
-5.1643035725442035 4.767661573901522
2.6852472251019712 6.411364586421947
-4.33229713196605 5.145492768510522
-9.470488604447944 4.332590577348115
-7.64536776244214 4.7549348624837195
1.4596877376294852 6.098311669686864
-4.18248269122775 5.557558737911639
-9.160977922584603 4.433287667574755
-9.963052310920183 4.343719745205022
-7.6571858874052054 4.57939810233261
-0.5555155947919106 5.602778145790564
-4.200231491193253 5.672483130997485
8.81327637885412 7.283308347672618
-7.472284848287538 4.892564338761423
-5.520241362346834 5.23515682079291
-5.030911943510977 5.329594719288268
-4.290446002239426 5.648129219150034
-19.383382181240897 2.0513490324573365
3.168236887490128 6.11394187065522
-7.369354384290071 4.56547664303442
-11.141063886977394 3.699211926689956
0.011186123306187845 5.750426158782688
-8.467461508695843 4.1348517655881505
-16.910950264462876 2.9672439133491393
-0.4937392848918858 5.666419133495807
-6.703218079232048 4.874778381405572
-9.471936197581684 4.273304152232758
-3.1137644756493152 5.194890530850574
-16.28597311187203 2.619352282258102
-2.1375406934187016 5.1828891005954905
-8.511977449273774 4.183816677336032
1.3555436526722966 6.091327953590855
-2.895515042693587 5.548748922044302
-6.497564032012663 4.8743721745151465
-11.990616552823882 3.475541592275566
-8.727186120973288 4.273997738951314
-8.972810650196175 3.8089620862978517
-2.1687874483424436 5.20556046038193
-3.4587185390575614 5.294752999652456
-9.137811634648674 4.006363746529802
-6.158936233838048 5.074996615401938
-4.625471236034272 4.5400938476163075
-2.715938435767601 5.705701574754814
-3.3102092996981627 5.688047515642271
1.135163430303252 5.846236271397981
-1.9045629805878663 6.391123605965621
-6.104564535661743 4.394516481620735
-4.562076680225914 5.1052264296950245
-0.6166239055342055 6.27129407345642
-0.41617148138707805 6.142053670580614
-10.39999001762104 4.047910506455339
-5.509915445206916 4.6338497432669135
-15.229798222900449 3.3772642616402218
-13.942554355867081 3.782989011453293
-10.582093915269855 4.205117700650288
-7.371060912245555 4.939590165440905
-0.6750381273765358 5.565802949303497
-3.8847801511944255 5.492604662573088
-6.52857236092489 4.652434903862649
-4.505393126644404 5.348292840061186
-9.335805371189089 4.456644298402561
-9.556166378735162 4.2629171501650145
-5.797067611566248 4.977411353682741
-9.701593944195993 4.750038635007981
-1.1817430109611253 5.92786306477172
-12.481600110216979 3.8593389216438236
2.485990426179203 6.963144585407975
-4.1225405334967595 4.950926520806979
-0.014778126811020975 5.755615835243001
-3.5296393363695966 5.634811267285569
-0.45281112255387157 5.647275651750055
-3.1059694922949688 5.499855355506834
-14.36501622995043 3.5702571127223743
2.651685454979294 5.858559961212468
-6.519592613453484 4.284069616822259
-3.770247952521162 5.583720582824305
-11.448797557094892 3.954167077097002
-11.691525463020781 4.099266953639418
-10.390667032374637 4.343923304707189
-9.37069422179501 4.389717516822629
-8.407126060188025 4.644317626175145
-22.45462327067535 2.1072364839577404
3.0412354441936156 5.989500484039393
3.1994752021643897 6.5576835026682385
-0.4091434376891119 5.566203027072857
6.937210314928288 7.221695407729042
1.1568632043286664 6.397869347422928
-6.093482103667755 4.792439266152411
1.6426041696592089 6.066312810336384
1.4484892882990392 6.096262236924851
-4.942456114346723 4.955628446428684
-2.779897444800163 5.207495136416695
1.9877328026363577 6.171281325694713
-6.474260511644836 4.941041982614493
-5.440077013220016 4.819432679571732
-9.019780495120374 4.153646116646591
-3.1617655633139217 5.798914562983528
-2.406212082613412 5.742186007966514
-6.358637826093657 5.1641733984301
-7.881129053947483 4.198683923894681
-9.00340731398179 3.8597982799087696
2.9680186732901612 6.767351548959784
-7.465744919626363 4.040860450402185
-8.83561540316618 4.083283540912052
-18.455156473716826 2.679653276279582
-9.584866658393109 4.414558783326179
-5.356779602802133 4.961923470653717
-9.438453240113898 4.42874637595566
-2.6148027461648113 5.74051416078056
2.0574925541044493 5.942207889813056
-1.235298786651768 6.463998822138853
-17.337621576149413 2.5919956588311006
-1.356664682451298 4.908613753303793
-2.149560127044403 5.64735084961045
-9.566466854522695 3.843666177088136
-6.946726635121394 5.051720342459617
-6.526124760006171 4.453159868858115
-1.6386782221377731 5.312035388617896
-1.6333946439198481 5.429467329403598
-17.588633986494326 3.1327147622885043
-10.159658333037502 4.418090309263404
-10.344561000379645 4.085004965930457
2.9758389522755575 6.146635611767199
-1.758657585979368 5.86104419575901
-2.85543576625793 5.57883987172553
-5.632655105229185 4.503565023420791
-9.212446859618973 4.232108836081746
-5.3700573203982565 4.78604582541748
-6.586671651602543 5.032483466883152
-4.617112468250356 5.428744382017084
1.3669059033160522 5.749273298318071
-9.287814733036749 4.656400990120977
-12.735450924200016 3.749766650334986
-2.3618944503319304 5.77029941790741
-5.9695605763730875 4.788041315200937
2.3255415163400635 6.730577817693037
-4.716371784864578 5.075280873880164
-12.51275305816025 3.63191422684641
-13.616577640256867 2.958692667206951
-3.051639923210006 5.324929734614039
-15.335693696089395 3.416090309276145
-3.9478614501399685 5.647269276289277
-5.974114078936308 5.067529245285773
1.9527852096429017 6.885952881449176
0.6698586091144758 5.735009780776771
-12.352275320239066 3.8814988716116896
8.193352245140556 7.119928988221016
-8.04568720430764 3.8334149523939844
-8.605197301217386 4.145988841697394
-5.895200629003459 4.977754067386277
-14.15218344122004 3.6066144396553663
-6.283068854398474 5.050366022790066
-9.169949728778846 3.4347344439205374
-1.1387469461013642 5.621401954905786
-5.053225887505144 4.965196134723422
-5.916640135354098 5.129240068175192
-0.41349410637514783 5.602718386708467
-6.857442835743429 5.076186250162684
-2.5655399985977696 5.096678255523823
-6.8252059840869865 4.555218279904494
0.07976389760079794 5.380900825965343
-10.345131365955432 4.240225824279849
-7.675408241537107 4.5028773152108705
0.3544666748103129 6.12289061209399
-7.9522723674781055 4.417720130695017
-0.7171736788646488 6.132098581678261
-9.417938586531836 4.493809388144221
-5.606348096411692 4.721558108089254
-8.648773326991744 4.1897112870374515
3.312084642441155 6.455410087526753
0.2527609826080841 5.30799809133584
-9.542850702247435 4.224158846929159
1.4721482243082402 6.083517894812669
3.666936960824353 6.75018029703951
-5.213563924018128 4.988897981218471
-3.621924002656619 6.036342701142749
-0.6333503311552731 5.962180107013897
-14.617991341724142 3.2005324514437694
-17.82089758401513 2.7851884058067036
5.540524064190004 6.753180187411195
1.687678824608974 5.7077241015338736
-5.242038751549421 5.495871398275728
-3.6661712553980106 5.208124890642905
2.704044025575385 6.1075530222076235
1.106677037040006 6.148557485546194
-13.757814002601297 3.795694715564629
-6.50821604305907 4.701495457546411
-3.925635509116535 4.5293534139240075
12.85789433506448 8.09139776155051
-6.599939728564778 4.95269550559518
-7.988534726934958 4.557490566613637
-7.70659873494415 5.053675965887679
1.988217666034207 5.806395739632374
-3.7936557393988077 4.966679855942534
-11.731432601053942 3.85862740544748
-4.193089155318866 5.339539041028937
-10.52006344778389 4.235717094923688
-0.9278689606631145 5.683751206114279
-2.5749747187872054 5.367611892324064
-3.545289873437822 5.129846615151876
-0.5912277744534524 6.4580708106620905
6.1327837504696685 7.086080599599296
-11.325451905849942 3.9139708200500967
-7.310272922037965 4.6573722034493645
1.203082851688281 5.339729896140273
-1.0995963119046857 5.757592377563683
-12.821951016284629 3.1442630705230754
-6.882054314516513 4.4835065657338795
-4.20986551218556 4.713028922236488
-2.8044405071226963 5.11843876512053
-12.252054585332292 4.253553686918053
2.5343654064274688 5.9521941821511115
8.00855642132968 7.729406576731508
-11.159710793967303 4.44887280898143
-2.3202962857022604 5.476157398529426
-5.66383317508641 4.627102884695775
1.5936449085634603 6.512856627153219
8.707499534617147 7.3785645809422755
4.559690720108952 6.924593325720696
-1.9685156519496187 5.6736550259591985
-1.1654280798418668 5.474629704110997
-6.392934439952953 4.907981815161607
-13.004360683584549 3.4790680920789754
-6.142166653634754 4.763679585174609
-3.374507361521564 0.3201086580552204
-2.592120744569758 3.370389517885064
-1.4162803255276442 12.913559384016697
-1.9866039877494464 10.376531048912739
-3.8015227099694155 -1.1803981772009644
-4.476695766755041 -7.66059209386856
-1.6005639664895837 10.017208815795279
-2.8653106751274704 4.492316776999571
-4.633827921729841 -6.325711432696883
-1.3560657049846576 10.161074470787653
-4.13973426020612 -4.096509613495552
-3.057327268314093 2.8532978521548493
-2.057384786291827 6.760028394049807
-2.124503917518968 7.964958974703213
-3.5894525538985094 2.859477935486768
-4.250967379810669 0.5808303344302397
-3.398627538512087 1.9184544334173084
-4.109904784097715 -5.44449620977861
-2.912919393844595 5.761200530878677
-3.2684767819151768 1.1469292379961695
-3.4639895034842167 0.8838211558054381
-1.6904659656010788 10.704050731332508
-3.192462990101453 4.853030021865547
-1.6368041824794437 6.895901436718052
-4.666397315468403 -1.348788344662612
-1.6801478581534866 12.385013306135862
-3.8670174633732186 -1.392275738502697
-1.453517050524546 11.744197751479815
-5.172944518439799 -3.503625812106014
-2.005713920097572 8.100318260198467
-0.8882235484350804 16.42051578822322
-2.2454375112335745 5.004771761310412
-1.3436893216598773 10.798978360383835
-3.2895565696601508 -0.38902104935881177
-4.311599370273629 -5.810798025555364
-4.027172928188083 1.0312979092230465
-3.5624866841993166 0.03565790265066093
-4.286640695960961 0.19384871940280934
-3.3480779826699774 2.8917457752519886
-2.729533435088396 3.7381256360849635
-3.2386938477652123 1.8763780481598271
-3.80036293317674 -1.8064298763631221
-2.1903958830850354 7.065042189993828
-5.316885673127503 -8.13587261216671
-1.9353367054269106 8.1242928346831
-1.1997230165868327 14.111865706283846
-3.051609255941194 2.2673335817820943
-3.229215897015175 6.789308086654879
-3.0548042487798703 2.20333708094567
-2.2493331655411715 8.21793042519825
-2.5959879064123976 5.741232673697299
-1.807522045857083 9.111094547772222
-1.0606484279370532 13.668540659300534
-1.0448900777414216 14.124918684093425
-3.262088351477383 2.8959758344931874
-4.655371853872414 -0.239001512998124
-3.1876040108098884 4.659204041631078
-2.997439137819392 4.621268018571519
-2.0955939498072302 6.895467775687139
-3.119995383958286 2.2321379019143848
1.841054837499449 30.052957298588048
-3.298755983297362 2.9200509167697435
-2.1386930715851755 9.302608369994577
-1.3465579178971385 11.215079077344864
-2.512668792667651 4.440861190475328
-3.128089012387785 1.480612145712061
-2.126441115792716 5.558142766045387
-3.0038953010458602 2.146124903339289
-2.567127738978868 3.643579120858891
-2.689968468300899 4.534928772258033
-2.313633651889755 6.776440962540573
-4.456865690291462 -3.160065596209934
-0.536108144540449 13.477423161803578
-3.9777922701495267 0.9451418084954577
-1.612885959527033 12.722906909394988
-3.6468505996162714 1.6797349915304367
-2.5656090734075185 3.6068949459667596
-2.737007607272807 7.976916578448892
-5.3343301140395525 -8.320057326923441
-3.553968288408898 4.430086873197473
-2.38126369073506 6.583245933556159
-3.1903721413091852 2.3171916962269323
-2.998601718044012 6.656527698152347
-2.4948495763574265 7.25445124963051
-3.110637962759822 4.866921258259096
-4.2930590505393456 -4.560728172838537
-2.6085631197572114 3.5945254860423423
-3.1127996262303386 2.059067517363732
-1.1393287767691462 14.349251051330135
-3.067247475193077 5.2414402804177955
-3.719692501131109 -0.43915434279263366
-1.194156599153769 15.918074791803813
-2.410006133291013 5.65661345775822
-0.9279340903292166 12.993508733870966
-1.3650906010510933 12.157629783339965
-5.2168571412033735 -7.467515570933401
-3.0501090509677797 5.033942193435411
-2.6350607017591674 5.706494398494637
-3.5339925289103444 3.8982882396817917
-1.1695501605134404 10.973491130162845
-3.6523808675458023 0.45535992727701213
-3.568075013883007 0.8998552570965321
-3.1540324703943163 5.245773618997207
-4.196576012936595 -3.6914172693714757
-1.6984652143470156 11.600324558818361
-3.2760009379263257 2.007721586668581
-1.8375046811890583 9.404701270268117
-2.1945631574905526 11.532842881139912
-3.998992455267024 -0.40521655139422474
-3.4846430893668296 2.686593395387022
-3.4035681920619534 2.827045643443438
-3.621020063340354 -1.1138583590212283
-2.0646546880189156 6.0574641140630625
-1.0191505709982158 12.411095533054983
-0.8126797455240315 13.639982058097049
-2.700440444460501 2.7969407626553986
-3.840401747427135 0.555734588677872
-1.5893262328473996 12.211688997190695
-2.195630272282809 7.367645270412739
-4.16842267914313 -2.606136316467725
-2.58924714231346 5.771093418935852
-3.6171465636041327 -1.786644946984957
-1.7360755870387305 12.06002331731143
-2.745933928553909 7.593726323430121
-0.5311359363895831 17.497330582189512
-3.190640296633421 3.3864376787692523
-3.866853654698893 0.5781518688048033
-1.019668164758294 13.021182944444883
-4.164315537073969 -2.174473689519301
-0.9177962246799978 14.586006564015701
-2.0686000691934403 8.403086003375455
-4.285133210651342 -4.971208446061992
-2.973238180851668 3.840918889706524
-1.4463411985784087 11.229629260812601
-5.794374007627303 -9.198633560615999
-2.8902978427020196 3.708217530748043
-0.6403345234195985 14.89788063277848
-6.2724766631661115 -12.166690383179201
-2.5637057426639323 7.662876797322489
-2.1843405248192593 10.766857753631818
-2.8711827376152823 6.050823191800313
-2.984461258844722 4.133991495928394
-1.925878721176692 10.719116982350585
-2.5531406366357885 7.883502898772091
-1.9576278042164783 8.609379220917232
-3.7085498657398728 0.9496888990051318
-3.3520945374886946 1.9582061160473474
-2.471589236090597 5.971970557064399
-2.3168209160145152 10.047024511721736
-2.3514545431797407 6.572448656268605
-1.6428049914412135 13.040719648639056
-0.7202858575393649 15.450585922414346
-3.9853639158104492 -2.9505706499115893
-4.962873778044456 -7.584777326262699
-2.7070005806520223 3.7004386374201976
-2.099249578970566 8.133548547403695
-3.6856717407919293 4.593353412295089
-1.884705820339178 11.5270032495463
-0.30028888485952 19.510719815686976
-2.81640554481565 4.859637180948449
-3.436791811567146 4.134039502051327
-1.8355406903501603 12.193178735276517
-3.652132413509525 1.9762252996815093
-4.7505342675000275 -4.7549745908683345
-2.9400292451193 3.3630280923127334
-3.012259054945174 2.534043390063031
-3.9166415520840725 -0.38567434738681605
-2.377381673104159 8.570337641196193
-3.852213613501175 0.5934842370527806
-2.937831550224179 4.511892218909533
-3.2571143456997182 1.495315964707347
-2.784074480657757 6.445236568804585
-2.9125629243382622 0.4421948351356928
-3.185668960059185 1.9952181646462748
-1.4494680013326788 8.61363223545471
-1.5549465148018664 13.261168314506538
-1.676012923393863 12.073792731343383
-1.674837281233171 12.112955044535909
-4.755227188626221 -3.683088737887239
-4.003786318698283 -4.220943307075306
-3.2128420016958907 6.981261155551887
-1.4063045835891916 11.351032989489713
-0.7995832437065693 15.56738398684605
-2.111618875881918 11.443393939406683
-1.2097606958174247 13.570218166666505
-2.458624959433995 5.011448437098343
-0.7523824698802142 16.673721220507264
-0.7603772734678818 16.20069423059939
-4.483474141343454 -4.745748852951527
-2.4816631423295954 9.258986097656345
-3.625330475022006 1.3520638844207316
-3.401748322460773 5.729928291455239
-3.006614604239118 3.1262962917255233
-2.5592113224475126 4.797766016102911
-3.724212553163821 1.3915861713219355
-3.485739748063797 4.17077486231821
-2.1218202312268755 8.197714196156767
-2.08010226582889 9.732302689085596
-2.6150734730012726 7.65644093186278
-3.2783557309376175 5.4194583041249595
-2.1222295353251748 9.685350673549314
-3.4361052854735092 6.738654680339135
-1.8251531806487369 10.448188906011435
-4.098654316865554 0.04561430522685184
-1.4435055231024099 15.94252631928357
-2.5324862976761273 6.001982750675987
-2.095055286974948 10.707771416377902
-3.275275610202905 4.106875332011352
-2.278815837721605 7.9383155392047895
-3.19247859480752 3.5902035204995215
-2.20738050152451 6.258904755346749
-2.5289392547431127 7.93257311739638
-1.4665162062544197 10.860104031529078
-3.2327767524999143 -0.9152409743780385
-1.438447522159857 11.535158883692944
-3.876062870299596 -0.1704331600202229
-2.3093320309331427 8.159535408354767
-2.682599122089592 4.339049718787425
-2.5765130293781278 7.1703038321284644
-3.010411871548769 6.474884874979315
-2.7913349848596964 6.626957059533272
-2.9290356201460495 5.0275330359369
-4.267494427356925 -0.8253920322399262
-2.711552957166325 7.434770286934094
-2.5287848583118033 4.787778841521277
-2.451123205969992 5.998037129404666
-2.321762864892387 6.935348983020127
-2.257283580631375 9.649417631588038
-4.875994860879317 -7.4427483939462515
-2.0831317679463535 9.9587636473588
-2.3980552237870287 9.078894073173172
-3.768216900522029 -0.598449712578561
-3.1772789673312167 3.1489555868472756
0.46467159652982826 23.059756224729302
-2.8779512220844023 5.0141834403151435
-2.769117605317665 5.7443696914678934
-3.143477989188711 2.8606515228129683
-1.6767663933267727 10.461515644782136
-2.728100674130659 5.575515471741852
-2.616501869628057 2.195866405548774
-1.3431067276642585 12.911794456689718
-2.065864346446346 10.777874470864464
-3.0575039157708 3.1117951089511493
-2.1833648794099165 8.610958361238902
-2.620667450484773 4.637724286204646
-1.9744390404020356 8.347760690684947
-3.8667183951285136 -0.8290653483247832
-1.719940523683668 10.582894885084642
-3.9328502639203 0.13848426230879785
-3.393387684695191 1.9685986866806497
-1.9156794653929548 9.087426667697994
-1.5380918601360678 9.199481871528587
-2.1785559481753967 11.058507492605045
-1.0745980411797253 12.505147337015913
-4.0296581474669235 -1.8571220572492857
-4.064390853313587 -0.4460539139159616
-4.250645689908808 -1.587908245738383
-2.555616581422487 4.414742175075646
-2.624876158345243 9.678301121502349
-3.2406057255080167 2.023257129239835
-2.9193138865389248 1.546926256320547
-2.0232083465719803 7.8254520549128825
-2.7183137287634143 4.93493021610543
-3.81565144946494 -0.9713282010208095
-3.2487459150532456 2.5075716414263107
-2.625394834730154 6.274902589117737
-4.085184780273149 -1.1887208406707943
-4.571955317607922 -4.59262899922618
-1.5353810588549053 14.846517289508295
-1.1811895501216767 11.410882681704662
-2.699243365163877 6.241245782921329
-2.54374454788281 6.571790887680104
-3.282023001025071 3.8409031527797652
-4.172586489776378 -1.0515851089622288
-3.735512348917041 0.9213889601507614
-2.0458807094898415 9.184789727098996
-2.621271480049332 8.813431792782232
-4.457466677607075 -2.7141601405977323
-2.700682329554136 3.076628447918103
-3.459292356106545 0.8623323149063382
-2.122286141131537 8.961444882046383
-2.3501687734914736 5.616564751009852
-2.332011691995242 10.431879519404786
-4.976238439782591 -6.597496475347407
-4.0188189167382244 -1.745670396510894
-0.3597967351862512 16.740833781093535
-1.5777471195786936 9.324492117059867
-3.420426444477992 1.633430895211903
-4.083994663072021 -0.9473382844275875
-1.5899444108792975 12.224620120054833
-4.1073541123986015 -1.6486466420781145
-3.2364523943908363 1.6715623522214056
-2.562630386040695 8.64637340179565
-1.722692883311436 12.855663545234853
-4.177861491172285 -2.8731093970858126
-3.412533905519714 4.174309896583968
-5.124440323604274 -3.9532803361869107
-3.875558371681989 -1.270844834042645
-3.8503470581196786 -2.7718420732340956
-2.8996286664445465 3.0746706101851644
-3.313408939513473 5.483142759273655
-3.796295337202107 -2.6081355496856187
-2.0816700059102864 8.752934821895387
-3.7270014891218723 0.6094541739674293
-4.572580033522396 -3.577527146435254
-5.933360959497266 -12.138878925065818
-2.4009921243539227 7.987450731616162
-2.7177282247066175 3.4280650296330117
-2.0932101087855717 11.35065853549014
-2.472206599120346 7.082116783558003
-4.7145829677288935 -5.525780673010093
-2.0135825589426464 9.00596433033703
-2.389917487873592 9.354352404113127
-2.83062735412306 3.6627165662168695
-2.299934366230361 9.839632738681814
-4.575338993400499 -5.935284636182455
-3.1063496203979626 5.975729421188845
-2.164558568316927 9.162230804205421
-2.96514997371641 5.671031579016994
-3.0620563533108673 3.233822837551819
-1.9348695055127672 9.916733090933034
-4.657296444646455 -0.4313977936787534
-2.908763419155134 1.0734483098247054
-2.9756637097235936 5.419533702550099
-4.21475311488673 -1.4078391703304858
-1.2875277506286444 13.008603852431365
-2.149402861705049 6.333830937417574
-2.4558839841176057 8.217285521084984
-5.150234600023499 -8.343739975585642
-2.0358285228965802 8.486708969433032
-3.9132031001645857 -0.6676013047148732
-3.5016311022322 1.5471890684811416
-3.532482714277409 -0.6384557046828103
-2.31885685457488 3.2557652050492227
-3.354666268202354 0.5545348687795739
-2.448541282953281 7.188423331758375
-4.5966062594903985 -1.9364707468265197
-2.805415905188272 6.308884332996174
-3.735143221616693 -1.9701767128713472
-1.7894907582760196 10.536559099348768
-1.5056869975423761 11.578923486012432
-5.439265450436152 -7.48158193596108
-2.537556895585862 6.988570580242093
-2.342701547269141 8.86575222725029
-1.5041399273557357 14.768898641388118
-3.3775009927799142 1.5970241046459335
-1.964666298725472 8.21771120634621
-2.831401571422292 5.536190004995383
-2.1062096812803546 10.118742132354644
-3.578567079268164 1.204019115700686
-1.7196631901350141 9.057533132728715
-1.5329789574782733 13.206304493871443
-3.5414601056062827 2.9208187981526956
-2.109210956869213 8.688143597960739
-3.756270928863874 2.0434621572317555
-3.646588162678257 -1.268025997085056
-3.3023530465827613 1.870525201988126
-2.6713278413069554 4.673554209614908
-3.418571420207903 1.4656470384690672
-2.466026477864367 7.689086964339003
-2.578124293527897 5.106266243472442
-3.4347177343411435 1.4129063906135775
-3.1097069197743936 5.4518695687572185
-3.0836707268632013 1.4136179363073955
-1.9911582079821444 10.16867951027735
-2.571124752026342 5.7931651869006835
-1.6773086317640027 13.151446206996415
-2.9426277404163375 1.0624024416320559
-2.827578159798625 4.276637589235295
-0.9060635784089373 15.42558848672958
-3.398084219595156 1.4956229394385585
-2.819910181719478 4.266595592061752
-3.59868405973336 1.6963350993553004
-4.977809307205974 -5.529477521604527
-2.507242563825039 6.308210392029856
-3.9463025273485006 -2.756032229062644
-4.630526885133008 -6.0980934523870545
-2.780347651501293 6.477953328103495
-4.1996587833282755 0.3038194868967641
-3.950438663511399 -1.9105355672294495
-3.169677857098475 2.992273464697547
-4.498735698649359 -6.824402343435915
-3.7572029021937876 -0.7246204077303187
-4.024592216303552 -1.8484003367283393
-2.0494331292093864 6.941567465085037
-3.174163104972816 2.5495807117626295
-2.8824113864017358 4.5069213179179535
-2.8270338056181283 6.320919965967477
-4.089890826858065 -1.5451930477084277
-0.9042050682020717 14.29758596032442
-3.228355610908569 5.562749373262715
-4.839231503279167 -4.568317067928
-3.954452267567305 -2.395777493336249
-2.1041650900178057 7.333883452375873
-1.857401346071294 6.83180183260696
-5.623388392950868 -12.06560669658715
-2.718225258386439 5.811164716730016
-1.41342918678756 11.524386216326576
-1.4126894490593507 13.209631260433314
-0.8791759412341591 13.51983941240499
-2.465400188999518 4.655388055975621
-3.2316196055449184 3.6802619362231197
-3.4523904357440034 2.676391708843744
-3.330446657975272 3.070816306423453
-2.8341614683705685 6.317758211531794
-1.9661087491150726 8.914694720341682
-2.3061311768754105 9.201909556134725
-3.735322073088146 -3.82357654290527
-2.300339019621306 9.518497088367857
-1.7241941400357468 8.865096214972642
-3.1911145449221086 0.6890834482406563
-1.416913835264733 12.862424973866478
-2.4461800738462487 3.1260385677769853
-5.133360540864119 -6.882167108870483
-2.5987949200506213 3.5288431709362387
-4.762592052698194 -6.79917363763407
-2.03254031170159 11.556202597091534
-3.8613094080096357 -3.4140931802915047
-5.703618048403465 -8.645792820443054
-3.0154730180175267 7.451605622886412
-0.9512596744156312 12.002919612019253
-2.449060947158322 7.205445795470097
-1.8318586740381768 8.801558491316776
-2.820907863399059 1.6633874067226664
-4.6976958830426785 -3.1815206055019836
-2.6303826533995083 5.4008427371634
-4.641530608548997 -1.958345924024492
-3.2943553979748508 1.239971355723712
-1.8700161862122806 7.717061540617026
-2.2508656329771415 7.886292625094265
-2.971578307580965 4.835981188729639
-2.868610309203031 1.1144774990462447
-3.334822848684454 3.38592779308446
-3.2296012990642184 5.163853111324308
-4.3803155009771295 -0.6476498218581259
-2.733655654491761 4.684195605747538
-4.59796905660029 -3.8729820664321393
-4.250905475372458 -4.1174651103703575
-3.331852879819427 2.0618250232838675
-2.0795484410314793 6.829027479530452
-1.7326515439616388 12.515147953610212
-3.6385830483713155 2.5839391968716283
-4.244858440085691 -0.6688397149980574
-4.163092598251929 2.671967485667164
-2.3752532354987452 6.232730927718089
-4.430041757342851 -3.8982226532820405
-3.48520450802022 1.5621259477956198
-3.410038686538998 0.8474241541147682
-3.8576391235974845 2.7698756527428743
-2.8183671529679026 6.670871462972215
-2.1265725220524176 8.62192201143479
-2.5862453087534982 6.981518829613088
-2.127357497633306 10.356806052942463
-3.849683951484099 -3.8669927030379085
-2.9319280298163526 3.4431146196384352
-2.17429939725087 4.442745575060277
-4.232438468131486 -0.8959303494445248
-0.7660788993905738 17.33053887189279
-1.7694891108699289 8.385279055300039
-3.133655683423707 6.791924459241228
-1.7002616337317589 7.396086268604659
-2.4050499136020353 5.551266754203221
-1.9646069067810443 12.433275396364921
-4.200282231618315 -3.467621251859436
-3.990797046525701 -0.7163603233755085
-3.8575739654661576 -3.856193636848933
-3.1610428246298232 -1.5043839838719144
-3.0258215500135495 3.4194802148341608
-3.018348939090241 6.172498128492635
-2.4985956716725077 6.2336068457907565
-2.098993314436429 6.697987664592373
-3.240498817484089 2.070802426987492
-3.5376414688373945 -0.4135420434788335
-2.62669458440518 5.48965286927649
-4.31195107840273 -5.068924987519077
-3.612529798973542 0.6324441590440082
-2.0889938543465734 9.163146262392534
-1.73975597202804 10.431510801214857
-2.728965047404621 4.894606374901259
-3.081236868402047 1.8027659063080903
-1.790209055186565 8.775489526949181
-0.9970442561121255 15.313939500854708
-3.160594958291119 4.713154036260887
-3.2779864991577674 0.36029521332501613
-2.632602577763106 2.480133376499186
-2.0406263671803435 5.816863196183244
-3.3428484631720896 3.7634667678841778
-3.187048068095032 2.516265478293899
-3.720503766143403 1.295638017785551
-2.312204769731885 7.488315192742637
-2.337503845632021 4.624884615932393
-4.87889867039824 -6.526084235662793
-3.1978911687996514 1.5046170107886416
-2.7603485428911805 6.419558535400253
-1.8480793131914404 10.435672284748428
-2.7757644444446816 3.365934735527325
-1.2035771333389782 12.249895755505527
-2.947207719580769 4.881773702339925
-2.9636103380916934 4.617595832455989
-4.113577761300675 -3.2776320387064635
-2.527974104326082 6.6806794872701465
-4.482017190344716 -5.899365759750967
-2.482296529122342 6.759018407333818
-2.000593695195562 9.191355649010264
-3.622675057401506 -1.264029613471532
-2.57234294367321 4.772739921913852
-1.4531386067157315 13.958832321102058
-3.1246075143916934 2.8562598691804313
-1.9851258958122924 8.473532222452215
-5.148506416588361 -8.140022207104508
-1.855607179242333 7.357640808714617
-2.6180094396092124 6.915033729125928
-3.0098397275686266 7.4943142424083735
-3.9061809293187535 -0.9265492051863893
-3.6051363622357955 -0.4711380574222055
-3.8628873327351565 -1.032583785081763
0.2687224751930022 21.150788181583575
-3.2511702265327878 -0.4399998166841481
-2.1318111598253533 8.350828834450219
-2.939667479335456 6.1664377071878995
-2.8482856060787554 5.007039495008284
-3.9499134836521295 2.159806721991946
-3.180613575555224 7.031694960374699
-2.7120757162911966 3.688593843545756
-3.2458794668552096 4.243487293291671
-5.4164137330588265 -7.673902311047954
-1.9923757559833417 6.3183950376617215
-1.9228620693658502 12.189283633285184
-4.119354406314068 -6.217333326605207
-4.173024012882659 -2.335627394691322
-2.419897244462104 9.548062191739007
-2.986131424932485 5.024260642590125
-3.043667188989309 6.664365513098322
-0.21968712729918938 18.361263483047132
-0.9704633914056329 18.533764344133807
-4.658731771845611 -2.2306017068536965
-1.868943187858707 10.188490939834754
-2.542285856408859 8.690310898485983
-4.706462674589459 -3.6160048225423935
-2.4537043903209597 6.671137843244963
-4.531963249835551 -0.30921697495830447
-2.0971942669999284 6.277767125149959
-3.8681441470973335 -1.51478897739696
-3.3098295780478244 0.39730652291032076
-2.792087072113234 4.376450376445108
-5.280090496871961 -9.852858946818603
-4.900727945891614 -8.101335820109004
-2.7354751304204745 1.9051122132516602
-3.542212737762357 -2.2075485440561806
-2.2207284598840613 8.446046166101521
-2.67404336068973 5.352936658529193
-2.3359688971996806 8.617196560034277
-3.152008927727314 4.653488718028907
-1.9733528337053 9.74589917548748
-1.6911571477843599 12.145853534370676
-3.9870842477651007 -0.5314539778800249
-2.6575369973357157 7.27186323041087
-3.39892764493025 5.217460796279495
-6.895310819989058 -14.74491576020133
-6.412726741405303 -13.408678521442326
-3.3413415170566427 2.369679337139637
-1.7852164166045037 10.714042508022674
-2.499754283276367 5.246035056009106
-1.5832802104851016 11.24312393457155
-3.077282708166166 5.364188194442569
-2.6201882468755517 5.771383941077094
-0.42053393134406747 15.92818494505089
-3.752203450931656 -0.2909726705245541
-4.306869257009276 -4.039469966845324
-1.9320660714861289 13.395038353407282
-3.835968743369822 0.7793826805070108
-3.909323913393373 2.3195756188910703
-2.8370102706096945 5.521318884882712
-2.5657716533057373 6.29478473919991
-3.5396369458376835 0.4007222630983507
-1.3081806478044147 13.49822565002109
-4.214395547646214 -1.1035649055806038
-2.594521471278769 4.168615676226614
-2.1445605173696505 11.712934250015776
-4.8344595324523105 -3.9192412133213743
-4.296181465440363 -1.6174897487328828
-3.212444806593147 3.598112159536357
-1.4061061835356186 15.36722958372396
-1.4738000962793258 14.774503680035938
-1.3013309020704062 13.06456543197995
-4.121695260273466 -5.432785801726231
-2.3635507720435975 5.041802165263359
-1.7276351518101207 14.784577078354818
-3.23688921978292 -0.8347702365821483
-1.5084307182572951 11.362257393901505
-2.928111825883762 2.8089912882306485
-1.7401461591166258 9.495600876530855
-4.085317560640703 -1.3171327662878936
-4.29126704470594 -1.9810187180924848
-4.2806361670158655 -1.1440111829376036
-4.446206353346099 -5.607513369096221
-2.4030203850242113 7.724566981539867
-3.3663709862936595 4.118963150540073
-1.933270635235589 11.206837324363304
-2.7027006115542473 7.2268625483691
-1.8660986332149119 10.330155706175525
-3.755418129531848 -0.8919333656433857
-1.72045696200033 12.536898217799163
-3.3302517543244194 3.8315434250739493
-3.511651658379079 -0.04697821239406341
-3.198170565269928 5.0116874732944074
-0.49754773492987425 15.898171789099269
-4.326165954358387 -4.9150608091923385
-0.7396175534813789 18.01969646081374
-2.3179735920215685 10.13191830686078
-1.564664144017082 11.212201114846323
-3.6906250834244414 0.7474852012192592
-1.9370475424227764 13.367280998255653
-2.1101646933655718 10.250791686708304
-2.675787856956287 3.8446515218148063
-3.525090743746661 1.3514361370484838
-2.2230100930151306 10.238735230254566
-5.29207288780839 -7.828400417798454
-3.769431055776958 -1.7535478657470867
-0.3295104915845619 19.322187625393475
-3.2158424293886743 4.088204163500401
-4.128165017375078 -1.3629806277509502
-2.1450048262291754 9.547231963350885
-3.7240953336935263 -0.3310825204237302
-1.8686769830508656 9.492661064331976
-4.359901391525112 -5.829637696901045
-3.379484485885969 -0.3330154207918561
-3.697702428793704 2.0864462426075985
-3.309949930333244 0.1917016102535376
-2.1123120840119665 7.510105433346661
-3.0105798729057245 3.2087797657510366
-5.119737577834567 -8.544816412802806
-5.458862003757573 -6.822280511095338
-4.445408830034705 -6.040854762906417
-4.035061072051337 -0.2633920845228719
-2.902268295320941 5.642970819534302
-1.3733463338055962 11.380563786886704
-4.292158656023987 -3.9314928427838254
-0.4833074344547379 16.74573407513529
-3.968351091001498 0.8031152792951879
-3.5724182681948657 2.4623771471191507
-2.2896739667554047 5.55245805217688
-2.768732732018096 2.1401522089845635
-3.0107524943275195 0.7540981814498053
-3.1126586112716454 4.711343321016804
-3.2271298828378563 0.42846032137189116
-4.470968928289581 -3.6593312623859076
-1.8498652073013147 8.479126599671353
-3.988430685620719 -0.2294522799102925
-4.865818796057073 -9.7284383259671
-2.7342655226553263 5.631840864940604
-2.213012340702753 7.364877019878966
-2.48086570600345 7.8057220657811826
-1.7088782476889623 9.21512430157469
-3.6874401328103943 1.6735140591637685
-2.0292179624665567 10.65876198753503
-2.5988131843743427 4.597710009422966
-3.8937324620262825 -2.0286344446680937
-4.018514190341748 -4.882283247927731
-2.9416714442293372 5.83044997000158
-5.081322629424477 -7.997439422595582
-2.8367468311642914 4.360704727327551
-3.1122581182412423 2.685969003278298
-2.4889124131548566 11.817164428987743
-1.294714641424286 14.53602872790754
-3.1562626765195203 1.032449513844179
-2.345722934143933 8.977912961377823
-3.7739537740302462 3.983403303482636
-4.0509348552124305 0.050725555479770534
-2.3818996665897054 7.440245280390433
-2.6572247867383543 8.171715507020142
-2.264536282059256 8.94913783176813
-3.7807914061552936 3.7839056783031477
-2.132885543505197 11.2008608006416
-3.0159707311240105 1.7871178072727933
-3.776084540501091 -3.250158315634998
-2.8167219295679056 4.492517855907827
-4.5931881296324395 -6.85826316103843
-2.2057545500715374 13.631541342774309
-3.110661329479559 2.744079962915403
-4.446168845894778 -4.811389461269863
-4.072135498626862 -0.10027517713695833
-3.7868829553992907 0.23734424466814774
0.030960710084197096 22.058328026468274
-2.245360348884547 7.310512827552147
-2.979837429792212 5.862250637674725
-4.696921115674156 -4.310072861188255
-2.571724775326028 6.410935673859564
-2.9710609724833144 5.559629964824481
-2.529105697880264 6.046532534552245
-3.588416334509891 0.5347631928314143
-2.5262787067423282 8.456202909871902
-1.469454982567515 12.967271688743063
-2.475793763948676 8.143861635354943
-2.7061269942756496 5.093583581433943
-3.9715631644869953 -0.6999128536769357
-3.236530695042232 -0.3451403189092517
-0.13305055012816158 20.289895337590593
-3.317923088006314 4.493983238881653
-2.192740765164082 7.391042416819011
-2.269282858297104 6.167983021272156
-4.190397670409007 -4.128876872586485
-2.6984701890681815 4.727593136387216
-3.567007314694452 -0.23840888956635364
-2.7294005325817308 5.465244916319231
-2.2968986013124493 7.977009875003754
-1.4194044036327864 12.597981943149259
-3.8412925706391023 -1.902148369145877
-3.717418728049612 -0.019447637443833266
-3.5917182279581974 1.237713816082945
-2.8485981488693097 4.158365964771415
-3.447782472666956 2.0740983628784595
-2.925035790624038 3.695236090612
-1.3432176045253146 11.080104285259349
-4.138765861486897 -3.37875712568989
-2.048598302904241 9.522764678292063
-3.094516315299936 6.455271554091242
-2.969214098812208 2.6743936456444954
-3.621449816477516 3.959866770562724
-2.915334305225913 6.961279326231872
-0.8430464644272275 12.567449627451868
-1.1809875980818885 16.462387051716888
-1.159178494499058 11.535382635846538
-2.8400603504877604 5.327642002740311
-3.7580296852791193 -2.1778059550734064
-2.49777344448355 7.140024541956039
-3.455114757692548 0.025825106360172434
-1.2304566648026793 15.983140312424336
-2.571223723726944 4.916567282227903
-2.9611907598740834 2.52199046016589
-3.068615229121142 3.7925770563235366
-4.046881736769194 -1.7126610717421116
-3.6581268259527637 3.125975637045385
-2.865947805372787 6.480588553254527
-3.102600779953335 4.251488046607066
-3.769060270311016 -3.3880086981119373
-2.5965178896827217 6.093616028883089
-3.417607896559431 2.1794456882005595
-4.3741170128843985 -4.562677230900974
-2.99091587914517 3.721747520617471
-3.8244760917817033 -3.2971206531416906
-2.112164279653439 11.10597236038668
-4.437209133173339 -8.639785063913733
-3.218616217303437 3.7405783150898375
-3.2810647340473604 2.844111509634856
-1.7239683526898684 12.340174310744942
-3.0395805007557994 3.129593127306612
-1.873418195190495 11.868586590810994
-3.277228712635285 1.4294951638880344
-3.326265916589246 2.2713724183656243
-2.6898714467329627 5.699262743282737
-2.35592181673035 7.872163007850572
-3.015196310582176 1.896102705535073
-2.860680896575406 5.893905727256023
-3.0572381244682307 1.638555413228306
-3.041020318343326 4.57691564776225
-3.0842865242659885 4.504654631668871
-2.730635227911182 3.1355012830867093
-3.140791044435389 3.5604018870671172
-3.6423904149629744 1.9073897392576846
-3.644477429846046 0.6594044817626665
-2.9263260533097952 3.0358056227090335
-3.275199206206808 5.7295813713467885
-1.5333921431072033 11.991445475856063
-2.820625175717967 -0.6937299509242623
0.22972714098274105 21.157974929051353
-1.9121865833208693 11.345051551245874
-3.866322047604497 -1.3956458484918723
-4.812767123066877 -6.360424444302597
-3.386807134722905 2.9557875848801283
-2.53685745345886 10.794296623092528
-2.2013864229356352 8.365195317741712
-2.020827498993678 11.584955140638616
-2.0000345749823714 6.306471270719331
-4.226935650564373 -2.430285521678684
-4.494338338314307 -1.33288167912273
-3.353671710327573 0.7107977388101672
-2.5064100553790825 5.742914725537811
-2.242354561539263 8.782331064380916
-3.854930273275734 1.9875164074448461
-1.5297331545389439 9.687475018275844
-2.574917044265915 6.676527231470583
-4.627832918483491 -6.683238271615975
-2.207004639681905 9.090907605102265
-3.890739266620505 -0.9908966219751347
-2.4546644687683914 7.182727317037657
-1.5505814241257498 10.64639198596418
-2.4289247987266007 6.080875842256649
-3.8549709614327448 -1.9270632104626095
-4.4573234197186355 -5.304019573595282
-2.6476410752667445 6.949182739610011
-2.403038513045806 7.825687979668757
-3.7928896524368527 -2.2881968706189824
-3.068645999206967 1.9875138549931202
-4.613269111002453 -5.649062032108013
-1.5706851934041435 9.932034723831654
-2.0629407175260326 10.57167800469347
-2.270989496841314 8.042816891554498
-2.4130757035155037 10.447784192841315
-3.860447130576129 -0.7702022509091702
-2.2932364781634753 6.777843833583247
-3.7705093427776224 1.2395412541396458
-1.8199393862505602 9.450631270748211
-5.5400812098499035 -7.77233465572527
-4.049073719862709 -1.141880448206959
-2.3368179072297224 6.36540647624605
-1.8376311823565123 9.521933000322624
-3.7899943019210975 0.7988212114897988
-0.40956361159038224 18.2273391814339
-2.606433414934481 4.235134301637602
-3.9790588081884364 -2.0118104875640803
-2.3073750217610396 6.312569409669283
-3.6596999341279925 3.0301593444355177
-3.6547600711100254 -0.8395431252524617
-4.258798409362785 -3.042616907779732
-3.3664350955675744 2.701227982453349
-3.2838327523394746 5.213659324093523
-2.849827229716149 6.866686956679388
-3.099067019114981 2.899906317739921
-2.9792468953534925 5.539464259483466
-2.9235507607180296 8.149729723026558
-3.321166216446361 3.3365053736711534
-3.274958770664608 3.10799727590806
-1.5948872985646305 8.008803460616921
-1.9741907304430604 6.356972986734126
-2.670524650059658 4.2552680686486966
-3.2629940515723104 1.9066434840572941
-1.5187719454974922 13.53809556877389
-2.441876325508528 6.8230357179998276
-3.8547628714890636 0.11852469704062685
-1.4753779130155007 8.723011945478127
-3.5077550390692345 1.171052666979561
-2.9066398249003447 5.167025376555443
-3.054354540873547 0.5884893753779061
-3.956782078075976 0.045958137681180844
-4.303714419637707 -3.0485748465009603
-2.944016318490541 3.546361676800402
-2.743546887693416 7.0362646655052465
-4.13529009841534 -1.3950982021204785
-3.0245765769340744 1.6557046783323361
-3.8450885779975694 0.125506192468817
-1.4281482159086685 12.843394508244197
-2.0766392592582257 7.516023564269487
-2.481095187502926 7.120381973197256
-3.3795193712170044 0.7619694506312582
-5.072485654036912 -4.713722417036777
-2.6768831808572084 4.637792369239703
-4.190975500257024 0.042133461037629605
-3.493318067989533 2.325008984413026
-1.3374437608472627 14.306887229369373
-4.33369230865229 -4.437948000643294
-5.825299156595895 -13.304980858052367
-3.693425520422796 2.82699046620606
0.23203621756521065 20.184434829876917
-2.278675022524545 6.790458946628437
-0.31759540326497193 17.380753369158576
-3.5228875699334523 2.8108344216786216
-3.3978187732493037 3.2153172599768416
-4.58088068236513 -4.837984869350301
-3.5645437038927392 -0.4708655967457567
-1.992055020887294 5.694057077882976
-3.7407815578574812 -1.3973774732872117
-4.269602264452509 -2.7447609171673433
-4.623351393111157 -2.564755118269706
-4.312132175155151 -1.671911639506682
-3.392732118219543 1.2048837127800769
-0.3734610214235796 20.364308172796875
-1.9496914231962315 7.534728078290374
-0.7213778451957471 14.98245638079525
-2.6512058906155453 2.895012708675692
-3.457563210402399 0.4590945955725596
-3.078758279335155 4.414945683236571
-2.2914848285098515 6.68667486057833
-2.698619287962946 5.773087251481559
-3.3258082187222002 3.5285524363151324
-4.951494596572244 -8.696591318995583
-4.418829589095273 -4.149797493333301
-0.8592489495130526 11.727137482186885
-5.7393085576464085 -8.959928701488227
-3.784764125546146 1.4256227778739259
-2.525794557760697 3.923429216284651
-4.617881955171914 -1.2593351590285025
-4.408470103565973 -2.565621578065384
-3.0401687847585537 1.6493757602180983
-1.722803820750518 12.938912083132148
-4.12338476065785 -3.0108309223590037
-3.475603254206133 4.605547765971709
-1.6194705093216903 12.750206136339637
-2.856316324300901 6.459013458112718
-4.9148102897097585 -7.560437964215858
-2.9794997491000967 3.5862090694868223
-4.335042823849049 -1.0530128556116622
-2.1661974962507995 8.25694948232253
-4.592430916546049 -2.4049131432253317
-3.6495940755492904 3.86902345796087
-1.776674995680092 12.299803759223135
-2.938708631807397 6.325704605576057
-1.1458701947949208 12.943264494605472
-1.6973715504793012 12.972264319069133
-1.632554796003478 14.269469503402608
-3.3006034003064944 0.19767800500415422
-2.53242339122221 6.085490679272589
-3.6910967209875736 0.2810262271701731
-4.07926037665737 -0.37349301674172786
-1.9797302135544512 12.596212824762278
-4.428869022602743 -6.415921144800212
0.1234736776898524 19.56554395392166
-2.758489477237532 7.987298796405744
-3.411051100887965 2.2637506610684754
-2.6607538140147344 8.09450389182104
-2.907843384044086 3.1922358461579536
-3.4675734339298714 4.07796542431638
-3.780956885276743 -1.6833928345033877
-2.7502628107509604 2.8692966101082487
-1.671684348918149 13.639639789868541
-3.3150982070899015 1.4141850598298267
-3.3652481460419272 1.7425532528121286
-3.6198418156729604 0.09016694980609596
-3.7928391427665695 -0.836328043716831
-2.5738933966949666 5.921105267443331
-3.742616128500822 1.4562245478350944
-4.417709788582718 -3.188366539370703
-2.6618762077998257 5.335822752260431
-4.840611553272616 -2.839977019140619
-3.9490990711371907 -0.8115528590753982
-1.5443198542297654 12.51848161998544
-4.88400204035325 -7.14258689548779
-3.705437352380083 3.4370571725160772
-4.762766504917669 -5.830625895620685
-3.1294894730598855 4.296955370565672
-5.155697860491621 -6.140460080289575
-4.766046748025228 -6.564587816577985
-2.5480334132506033 6.873899058698555
-2.226659583681088 7.962720793808945
-2.0769850322566614 8.115606666373239
-2.14279074040909 11.260412084812021
-3.7756408321150126 0.8094146095313999
-3.5542762415309532 -2.334398628819132
-3.5040503432985712 -2.6323463898811204
-3.4320943776123523 2.001253764426415
-2.0410921009252734 8.161410087391925
-3.319096268848084 4.4062577793974835
-4.656454105696177 -4.075857204640073
-2.9846783730262967 3.504825827257924
-4.225260616917866 0.80343687008425
-2.723829672422165 5.5764871261284625
-2.2716662957178677 3.9911837400804586
-3.024767485276695 4.657507026110391
-3.298171077120247 2.340422189893456
-1.1796431536216807 9.691850842422815
-3.5904481882367034 -2.1144686313599745
-3.375699335190644 2.6643251441305678
-3.263053557447165 3.5403694950977673
-2.719343374865964 3.948768421951399
-1.5170164705264282 11.223274462310858
-1.8637241418350952 8.030682474545614
-2.7977957716401476 7.600920277974989
-1.964410548965096 10.411143203668065
-2.060637017823063 11.209880006454295
-3.057099417643473 2.8578774880954283
-4.3084981232401525 -3.071843468541479
-3.288555165705742 3.2612690248280947
-3.4534633085600093 -1.2879063312592445
-1.606299910667028 11.10903141053267
-1.7455220777437408 11.078109080247394
-2.420288206986884 5.236631285576844
-1.5383171552179697 11.151615847932511
-4.373570704442168 0.36527159069291715
-3.9403967329805063 1.626071022945983
-3.156756829669175 3.3406134057752563
-3.7797165358976996 -1.3646906282147109
-4.577790906212251 -0.792262859519715
-1.9988007557720593 7.650141087830183
-2.2391300524891027 11.678055402911736
-2.863303975639761 7.197255044224978
-2.872233673135777 5.732932514220503
-2.755804968178681 5.984992035480005
-2.2586316012171532 6.288255660627256
-2.626367045574683 9.40107338496231
-2.7578541515296946 7.886357644669029
-3.0293106126029574 2.957178432436569
-4.143108760490682 -1.9635656886048656
-2.306078184998733 6.533926907515743
-4.710223435660776 -5.363435269512676
-3.0068101710009483 3.750147422064124
-4.461233423349604 -1.6838892078648042
-3.720057918639193 3.278138639040655
-3.375002056778637 2.0127332442886305
-2.754506982597698 5.114603911742513
-4.549938456992768 -3.3009743364745905
-3.2334524780744935 2.4143427795016814
-3.344147778754397 2.9465379066348842
-4.69796691283673 -5.2691641902076025
-3.1218552293559374 4.522308718651565
-3.6576027090174064 3.57188822167185
-3.574640360967376 1.757215366885816
-2.5204883194268293 5.5196695692597055
-3.663703165047391 -1.3445370054318193
-3.314697535004905 -0.6924094585912748
-4.331662086390617 -4.462635930526222
4.907363679682251 -3.5839571509836814
4.364062828863176 -2.0801726218114625
4.7473140245460534 -0.502669273800145
4.536301216092643 -1.1043636971860686
3.9767389637437276 -2.1762609242082087
5.004783043157278 -2.301830096015049
4.138271430061879 -3.530255171463719
5.416746112874907 -0.5167733797007246
5.0344577333657075 -1.7597822489415285
5.633516775633584 -2.104581166941554
4.6936991477644305 -1.9230611972341782
4.112256792087525 -3.3914111786739944
5.363472064731256 -2.7044096675491964
4.047647708954725 -1.2806332556031723
2.923777465161877 -3.5394821444448112
3.914860243060315 -3.234082128490919
3.3484269812869893 -1.347816902233712
4.123767806267644 -2.0919768001034442
6.43842654943816 -1.511260600962606
4.677182729950702 -0.7350770485835265
4.687003777375478 -1.6987553316722808
6.003899827625391 -2.3111451976323925
5.680675782384027 -3.3227487993392715
3.4981786611912145 -1.8625738912308747
5.273601624494788 -3.272835126256593
5.437086411488148 -0.6963433393090346
3.6619197636226826 -2.5982030946508763
6.109440830443724 -3.19427652214066
6.013019462266304 -2.3523734043625333
4.818257725481234 -2.632078115630698
4.002100277725869 -1.9269373060142572
5.341715617609417 -2.8718490596934254
5.786227523978503 -1.5737184901561194
4.562787094131004 -3.4295357025249666
4.896643031612792 -1.7045024721984712
7.593293669290421 -1.1617768050417832
4.522274867429024 -1.126771603307751
4.720366151214209 -2.238984869202585
6.024335775896883 -0.3798671165322962
6.486691920153081 -1.1698520493186848
4.120883191872134 -1.0829672761372262
4.596475717516871 -2.783269172511375
4.480483134919598 -2.582709045470952
4.754920728192945 -0.8563407854903333
4.508320734255714 -3.5205008482790356
6.123216619866244 -1.1533415584628912
4.573714418473775 -2.732841178826451
5.340994678451033 -1.6247450275759068
5.699783651204169 -0.999198230691096
3.6271470443128813 -3.2440090187918424
3.6350391172414187 -2.4991678377043787
3.965589025625174 -2.8713463708583893
5.400059670837763 -3.197022324130905
4.040087792166742 -2.1687007080080702
5.763870580608775 -2.1408416339914087
3.517766402740394 -2.033525753917003
6.141771610963945 -1.3252673904043781
5.277648338125923 -1.0025717689538791
5.300430121900946 -0.7345071994952361
6.988634067682131 -2.8302815043764444
5.364067357981762 -1.5398052765027241
4.312993450692877 -0.7345221717832895
4.9855428972491875 -2.102288533804491
5.755521249646922 -1.4372471969206941
5.420541236145294 -1.0591503177448656
5.6050647610723106 -1.0970246785669353
6.045798232267051 -2.0551140925337745
4.061365952490252 -1.5380728222307618
5.122344307280932 -1.5164263399741353
5.937892994692557 -3.094021139431436
4.574247625338445 -2.010268884552035
6.176541215449136 -1.950858052308495
3.8168726189360394 -1.90403400916765
2.7534429326173555 -2.5560532587378835
4.193008015995305 -2.568101008853721
4.599218319748834 -1.300794876006362
5.76386487039051 -1.5044302757072463
5.762724766930542 -2.214896825572217
5.808019728763753 -3.1519497893696125
3.817763681544518 -3.071858041480056
4.494948662699996 -0.969126137603507
6.794806325383496 -1.0404291234429406
4.051003811604635 -2.371903530277541
6.820729073605642 -1.7572952418988774
4.982977608719508 -2.081684493334263
5.740477437748235 -1.5042506554150945
5.826744685851264 -3.129933092280104
6.305939013558297 -1.1853217283499875
3.9903492697462903 -3.0269798716098157
4.64696453356042 -1.7921753493211112
3.5202892141691997 -3.7352264312121624
5.259741083099747 0.3427499364269879
4.019548590751121 -1.7772105100960127
4.8486420046161305 -3.2964788999601145
3.58609657453186 -1.9679329171212339
3.5975229958009782 -2.1248687239861765
5.8535299031865025 -2.4614627034260623
5.855170676796192 -2.130144051322441
4.41968115579137 -0.8695472652991993
3.1289842592266117 -2.0304807044419397
4.2078984545164415 -1.0775776416357303
4.797810494742671 -0.5664334947288545
4.5533885275935555 -0.31552650238971136
6.3280089874740915 -1.5117024556940228
5.056132631852611 -2.191164709974841
4.767845401790335 -4.157026478185701
4.317758750575665 -0.5750141772768163
5.103840246518221 -2.7195782047214276
6.498299945999433 -1.6577177299952703
5.569964180599319 -2.8437126142170563
4.146963236838964 -2.1372674051978726
5.5204620238704525 -1.9122167514765023
5.658777173551312 -2.13286015593798
4.510218968554623 -2.950122194577088
4.760242578231501 -2.7355771024095583
5.381483010490308 -2.5100695691612334
4.656103947145116 -1.1134770849372178
3.7194967332529556 -3.453926544751319
4.8730564995896195 -1.6422224056461612
4.723961469997773 -1.941189386409777
3.828533330756403 -1.0476189720894857
5.229342932483311 -1.8109436797808947
4.000201783409114 -1.902546610036086
4.9472388651778525 -1.2254266149435578
4.846881840842124 -1.5658835535196394
2.615771604883051 -2.823185221360212
4.962558680482007 -0.5344729595680597
4.619234379302445 -3.903450400582394
5.756985928287777 -3.6510160811767265
4.8857240847554 -2.046273985047925
4.577604627685505 -1.6603640644110107
5.019795353393377 -2.564508295774367
5.183310778322312 -4.004372683200253
5.036656852852855 -1.1370099466203458
5.461178903988509 -2.7098175947793237
4.0563403781616385 -1.7700026491590755
6.694018621737321 -1.6116236221942695
5.347211198618519 -1.356073963942726
4.1796684790509895 -2.3579663882406954
4.398275338315445 -2.589189936774682
4.4007456860918985 -0.6692487768855548
6.13840155454318 -1.6927071464822214
3.766361050430552 -1.5201775753015907
7.4962416963940335 -1.6753878949299073
5.812905270900195 -1.6803090816821822
4.728990917161738 -0.02243929140400258
6.604042808821854 0.006858927790479363
5.448663492762278 -1.673706551988019
4.503739329552915 -3.017702733885905
3.6864119756122253 -3.8195199779226225
5.971822733550112 -3.7136252052116667
4.748616582660464 -1.5208963757501899
5.191959493839979 -1.7045478733811192
4.728066774251367 -2.0557029658870634
5.781370288022874 -0.7758925381134611
5.89656915512362 -2.707140791703958
5.122042240761975 -4.011445321922642
5.137843821065906 -1.8408251993399587
4.785817215958129 -3.631236697739703
5.704558145826284 -3.197051098536817
5.314924842872687 -3.74513254701551
3.1650316579049207 -0.6879556878507973
6.138950968012956 -2.598988996087437
4.500945951669075 0.375618614226334
4.991974129456958 -2.884084457282912
3.9050813885908484 -1.656510998705572
4.623140219658309 -1.0562971528520435
4.551565482302099 -1.6867658296489252
2.9664350642313164 -2.0811118935258026
3.9246318452623017 -1.3247969371956947
6.239569321980307 -1.3514566514455733
5.306649817916078 -1.6398094342696241
3.982878210290622 -1.4294680790961836
5.361620306741024 -3.446899901471731
5.013038792827991 -3.432374421032268
6.089906708727252 -1.8974015089659004
5.335931847235486 -0.5103029944039223
5.087609105819002 -2.734296026324672
4.1168248861157295 -1.523214459472823
5.902857874777297 -1.908488354165476
3.2647552636786967 -2.878950836366441
5.898184183594158 -2.6394664199302738
5.547744668101676 -0.11317116120117099
5.214916034768796 -2.055929955954532
4.185689342025275 -2.3238059406237372
5.69082289944584 -2.479390094996433
4.7260501164416 -2.1750796478957533
6.334337967222822 -0.439623725529958
5.1688831991053705 -0.6436533472993327
4.287187619155715 -1.9951148976054363
4.688827262528115 -1.7202368813197855
5.735165858971133 -2.538948241045993
4.074116224959305 -2.5642692998891574
6.680886515356928 -2.2283662452426993
4.922091737832654 -3.253070385722615
5.92591456756055 -1.1814709679895192
4.859448950240041 -3.6236332031479455
6.087477045997937 -1.9841554947833382
6.228798404248899 -1.0087666769038544
5.236460558420285 -1.6805447662532618
5.489237303234257 -2.943018452800149
5.396420704824892 -1.870427638554181
4.4887384473202365 -0.997286164341183
6.3222152258935775 0.24045284677424617
3.3990265049158523 -1.5670063496326723
4.902023605554059 -2.6937865785889534
4.520661548103638 -2.392012269101496
4.729276478354732 -2.142695500079214
4.970322080259393 -1.487080888035897
3.4326961822629865 -3.2848198805692377
6.463768295903137 -0.5973909361009093
6.331196449158476 -3.0212776397144214
5.049020805595281 -2.5753416535001294
5.0214494512217644 -0.637576758370944
4.101209568684448 -0.44621628780101097
6.305371455118703 -1.6960238507573406
2.8591156633330352 -3.055929776762225
4.50870815790234 0.7434014934214193
5.540081084499163 -3.1294101256631603
4.842974886003137 -1.7132079771585957
5.140369420445575 -2.8376470490814265
4.547628918420102 -2.6291746906933184
5.4039291622167935 -2.1033694017294815
5.730331300814879 -1.559557239890451
3.5281249160004724 -0.9886321440042676
4.0580676443180295 -2.3027245556141587
6.942546981651173 -1.1147786948030454
5.376964863087412 -1.071208032411253
6.428543374012444 -2.284244178742992
4.095079216647914 -1.278142679040235
4.957802811097794 -1.9399160846867063
4.800377252807112 -3.370134257891097
5.315387737610588 -2.67147263060266
5.240556161667416 -1.6620992198219389
4.3326539175453656 -2.1974457456008847
6.627910409637105 -1.6495652233389506
5.242067325319775 -1.7265584245534265
5.196016598415232 -1.2622418989922144
3.6497159440135185 -2.016801849310874
4.150409907531204 1.4082254370917155
5.839570422819308 -2.01218245370032
5.940540088030151 -0.6656327412954568
4.264321296542462 -2.310130486100683
5.808741889696477 -0.4231597040003847
5.6405271534894235 -4.153048150022892
4.259807862172682 -2.5719863735298034
5.652874930010582 -2.052733170621848
4.773725887794507 -2.4206167657160647
4.045055294041427 -0.9510257877064561
6.902456514415675 -2.5076275057756052
4.449419722756755 -3.4356855394633783
6.001186613517328 -1.6657787406007356
5.769841915104449 -1.7245588275158412
5.742173205615477 -1.4094126784833785
6.3717153223710365 -2.7575978638555254
4.138754651318062 -0.8465673028490099
4.299571745204203 -0.3148691011339657
4.89873232582487 -3.8007822492420984
5.249079019154945 -2.326988783177537
5.783280605366205 -1.412785602619743
3.9481638276385644 -1.8864049240940124
6.98532470699189 -0.6164874875632349
5.877390189272824 -2.131808269421222
3.4089621088170743 -0.37436365781837044
5.185134196794552 -1.3477767862236174
7.729054089113932 -0.016965746796494763
3.6336167075583816 -3.2929867019855044
4.10733158842626 -2.5488527748024614
4.726237784002531 -0.8703429170078512
4.868313696928213 -0.14108539322772762
4.97320757453747 -1.6337763966855792
4.097109363319598 -2.3921641886818232
3.5383737057935805 -0.88057684425663
4.309706833394124 -2.7459230538713526
3.16179114724072 -2.1090038611783037
4.551470317444534 -1.6398949832666976
3.6473028568167383 -1.5436757554619036
6.649583501920159 -0.2995137957539855
5.127022017000892 -3.574765651734039
5.25016889543737 -2.157571644758635
3.066801443852035 -4.106475687429414
3.880272316244392 -1.0014100375611745
4.501542137948267 -1.1896002871360025
5.09971732973211 0.10881203723418409
5.396841751275533 -3.109311440909808
6.1328809117693215 -1.9946454300481722
4.269996877440475 -1.2131985302483155
3.8413504323821925 -1.6815732476157863
3.0357279438510103 -3.959532131278813
4.055785222670342 -0.6977892806077237
4.3400910655037475 -0.8869219024239043
5.260351727607698 -1.524266496835521
5.04331490558979 -0.8032410456483348
4.776904930597668 -3.5224328360547523
4.611419414262329 -1.4198402205221625
5.015508229232821 -2.9951544277907836
5.553490003739974 -1.4053757604809038
5.254519920741284 -2.6355701267989295
4.91806630609511 -2.1897596835508275
4.718872362203794 -0.7369463436464552
5.7787684783741495 -2.898651011286457
5.252108925347513 -3.106357528309867
4.759268735036327 -1.4479595272221828
6.007732894720132 -3.0443928935346163
4.331069954471061 -3.181286706761547
6.3061856319488365 -2.585676664181225
4.7395819254822 -1.6744687901307884
4.569240578958528 -1.1052182630611025
3.94353988915861 -1.1656770433384436
5.195136214336536 -2.1074168129240443
7.163901901794605 -1.6357660125390625
5.994319585901446 -3.6102926546218903
3.8504583204409952 -2.957330788830709
4.906385646483585 -1.3967800123243632
4.661753112675042 -2.0531142578463655
5.8522376987235125 -1.2401734339850017
5.089463920636809 -1.52009453116932
3.756648467109238 -2.9783959066764485
4.439069056375607 -3.4369153350143273
7.280518420059042 -2.349289143792969
5.300707250773722 -1.2704578608281145
5.575286756238069 -0.6751407270596443
4.36167991402549 -3.135705851626968
2.920855052234818 -0.501098635185393
2.3725400917826303 -2.1298962345455195
5.2020737044918 -3.0239960712868763
5.2956913455951415 -1.3477114293611887
3.41312462286586 -2.3545193709738563
3.5625848755344762 -1.162998274652929
2.7425556734563292 -3.8825769673821684
4.805234067613968 -1.0535225929222363
5.586081873405191 -0.1912188249838438
4.050127074475765 -2.0126582162171505
4.604345827543807 -2.276170564536946
3.234218679683981 -1.7779351026605528
4.435771126525704 -0.54053705346609
6.640269403370367 -1.2736070361355374
3.765199721220079 -2.032071121399255
5.132063901293205 -1.4257782359498243
4.334744108794184 -0.8038994589005113
4.7377482089160985 -2.719057116942499
3.6195596081787826 -2.1875373020316657
5.457744266905517 -1.7048386959209239
5.469077627706123 -1.5014772700265602
5.882187620202439 -2.0574083020327327
5.39291377601049 -2.5961666886670045
4.662712939433643 -1.7364445605290815
5.732329789107294 -1.0437257869796506
2.899969005665285 -1.5409759398604126
4.406641673083601 -4.008141632258624
6.261297780498458 -2.3135873123307333
4.4926785721924025 -1.551314854034258
4.064816640103581 -2.0762154865523645
5.570050077596996 -1.8751142948252078
4.7990712039741155 -2.5789284160737407
3.395565342823068 -1.8459609729248614
5.019287259064441 -2.04053892421881
4.865566439263788 -3.5210129779978394
5.538597057458152 -2.1854337102656793
5.926766655271329 -1.7643114495892454
5.108115568948062 -1.1564416855395152
4.209204538472923 -2.1497901703916424
5.729049192134381 -2.490964146959798
5.543087207112991 -0.9419411215513855
5.729371157538432 -1.5175705957462151
3.746113903793346 -2.0251457821173657
5.481090780265837 -1.8534379346065288
4.542449828942207 0.23906428772141775
6.181635383915473 -2.958132306434465
5.9265433023336636 -2.7675337897597405
4.273072390345794 -3.5965232171858608
6.538224381149975 -0.9072192204360894
3.8580977855176655 -3.284519886168628
4.208048865856614 -1.7057551617418107
6.454572266450524 -2.2909073739436208
7.229963256114661 -1.451646478868624
3.5939134913534394 -1.513751660401474
3.225370603381208 -1.2270466559348607
5.748009131661037 -2.121034504137569
4.866450002934386 -0.34647307578698316
5.554494655281095 -1.4835936077320957
5.382737075922633 -2.7885571597220067
4.439267054007768 -2.580458311089212
4.073803844222679 -1.2008042352725048
4.032554886578211 -3.1260265658257795
3.461416163572358 -2.8806907515743765
4.710081550693156 -0.7656424803943962
6.0543664163355 -2.645921832754385
4.991654731287728 -3.0314865934868758
5.56381358361357 -1.4806850391836766
6.74549569862387 -2.6467821727927303
4.187946030800639 -3.488952807229521
4.895328306395634 -2.889745818331847
3.6270777547570656 -1.604831259322458
4.427498711912208 -0.48845023211913996
4.325395990449442 -3.115432150875545
5.5506306729705415 -0.9281819213125375
6.049984723916261 -2.2254105924427314
4.807406531817057 -2.692185708754903
4.909212826796726 -3.5907078870301237
5.7999463420149535 -2.6862403329509306
3.860564903558746 -1.9000995026582417
4.853371309630194 -1.222616408570024
5.3189935126489525 -1.9603716941874483
5.837718141564604 -1.7451437415023179
4.593385926194147 -2.81743964412608
6.045654558312179 -3.448545415626567
5.39525995733574 -2.7579686728009136
4.689750557378713 -0.7021063476402523
5.444324071331073 -0.5668736229273947
3.6985217752400015 -2.077243892921915
4.19809749623412 -2.2711697071102086
3.085945431286568 -2.505464615201527
4.750725120307559 -1.4565201206863605
4.414571676467859 -1.6779211902661992
5.528343645763115 -1.431317440405729
4.9789656164774305 -1.551681712078608
3.265173603240073 -2.9603104838658103
4.6312509732802205 -1.8795340436721586
3.6377044300680694 -2.658174691017492
4.971152117781142 -1.7504372337533372
4.264743790002633 -0.444439407239005
3.807138531377685 -2.0908738776212457
3.9901484932483604 -3.6011920357889275
4.072156347497055 -1.4650233877356449
3.1802555859682906 -1.5779417197700842
4.588682055001574 -2.5406772711204777
4.41896530218239 0.029685551701484236
5.9298127208056135 -3.6367954531863242
6.079292031489511 -1.2423724500044842
5.909072548869587 -2.5830093170965402
5.343377102754403 -1.5717080134075447
5.1653935772885236 -2.7805164777031446
5.344637617414715 1.5041984330556946
5.04436194771242 -1.549796120111828
5.983703534987702 -2.1703768379484982
4.6329872483196475 -2.0648420684683737
5.522044638698056 -0.49584398948299846
4.396772749583023 -2.548322319257936
6.038257325766868 -2.2845288252135947
4.383418399729457 -2.0830611394105305
5.594111840523176 -0.9869791053768515
4.706421227771501 -2.626028042340096
5.666991460152932 -0.6924418147295477
5.860618178934017 -2.2554453712065525
5.62268111808609 -2.3684528005831638
5.04122355840072 -0.5935785874496162
5.2894578811357515 -0.8551620007071339
3.4515789751220125 -2.240227201512738
6.256346620102781 -1.642562116308656
7.045555620351726 -2.084476482000389
6.292690935616811 -3.3265088805378538
3.7340091304058403 -3.364138770369177
5.898820105091799 -3.034289046999133
3.5004750458614904 -2.523400802651039
4.491773620302222 -3.427739487713905
5.239742591395619 -2.093751099326438
4.972370863295826 -3.8043293005883076
4.916917073715287 -2.596356636142624
5.447210763236138 -1.8792044912972519
4.181219182288185 -1.4141740605438158
6.467795119203113 -2.3720857978139946
6.18531339252495 -1.285282259248505
3.558751188223224 -2.131730873073949
4.624074578942198 -0.8060505279690777
4.517193472779159 -1.2261138810247991
5.476097827023619 -0.8092131145984176
5.883086166452709 -3.1083230716262573
3.7891722441035967 -1.2468778320823684
4.194502206748884 -3.1918771916022686
4.74766459643178 -2.7594378596248212
5.580448640640443 -2.5615194916368837
3.3790903338801215 -2.3976505447104013
3.8319371584471735 -2.3159340287476864
4.86598246171464 -3.350909150950675
6.222783080944024 -2.656487141384138
5.840188505086561 -1.7127419416508884
3.924232258541906 -2.9726741561890924
6.47217788070362 -3.5947710872559195
5.447656570808536 -1.0307691926641325
6.959354151473284 -1.9018670160154716
2.2940771763604833 -4.28632988594574
4.917480073982413 0.6139976105868961
5.27350211185115 -1.1763245771854929
5.956219951070188 -2.1577472495015395
6.390859361965573 -1.8219781460606046
5.1503838620767555 -2.911192536639572
4.935546538994083 -2.3050395908947183
5.347691172938262 -1.741418440986228
3.6853782936717767 -0.47650109801497975
5.371766780288799 -0.6543440267140892
6.158614841438952 -1.7742762399520955
6.0524206650092625 -2.944784143768454
5.301364007837688 -1.8354670261806325
3.814280932471961 0.5329445015066083
5.678385381649047 -3.064051427322129
5.169039836214088 -1.9174201739067902
3.9882598784529355 -0.6705400714416396
5.740436113206035 -4.38727688479457
4.1974495237986496 -2.4104324477893164
4.899464044938612 -0.8286185169700133
5.359646425103526 -1.4773703152095685
5.904532046916747 -2.497434667341998
6.578893650346879 -1.421541024432574
4.8081846086669 -1.214142182212529
5.485829949654823 -2.6102132395520234
4.772097412483167 -1.2659805143992202
4.144025716914256 -2.026459169977428
5.069225859844216 -1.1448880310434375
5.871832954953556 -1.0831250536435344
4.015486179227917 -1.2656278158296264
6.051117603602742 -1.8704950073950888
5.057933428961793 -3.3851400389155124
5.029907782163618 -2.642497514736978
3.812321907945381 -2.0610396963878332
4.49967229406549 -4.804492108634886
6.066881597479353 -0.7579675652814672
6.516233200575911 -1.9361685776389823
5.179755347078639 -3.1798044101096785
4.827180998162266 -2.1382274693073566
4.9641594032952 -3.243390180351695
5.119388865628817 -1.9873521660290703
5.540571615830009 -0.2049352564785829
5.194155447788273 -0.07031557590459347
4.254674315451612 -3.544576280825618
6.072123342254738 -1.2173404574305895
3.551266728138112 -1.1783692766886538
5.27229746730366 -2.545518409961037
6.287127733066327 -1.6175796512396958
4.275490213516985 -1.5225929600917303
3.2623121471517083 -0.025002335366527628
4.5216874384860715 -1.2478798782780678
5.926078372919408 -3.238315169470712
4.194063447064863 -2.8058358672268735
4.213962058038949 -2.4094816141253554
3.925930716048378 -2.2363445943082385
5.655415817371936 -1.8688106975525212
4.955849349471108 -1.5968415753932816
5.4872496849525945 -2.716370951248086
4.600304819421172 -2.624466101366851
5.134646692631605 -2.5165380992003397
3.608496838544487 -2.7708837453202535
5.182457262798718 -3.4266018225232644
4.039062654174552 -1.4906656055821714
4.7519458953352895 -1.5907491648407315
6.653842457763459 -2.5495794479898954
3.563837153278641 -2.101266213916798
4.2713034115202335 -1.3958981055584383
4.637334387284372 -0.7742252063816322
5.8285586239065506 -1.3304186430104834
7.009655644623917 -1.9342459190923005
5.200881088562931 0.12223892173896367
6.677598808494421 -0.03449395606363681
3.5898597028039005 -1.668726891911772
3.609549972357745 -2.1773759351906454
3.341712528009288 -1.8624830451084267
5.372170553700146 -1.0865870647107747
5.535937487131999 -2.9218091432812616
5.390363834660127 -2.86296446232478
4.498034578725946 -2.1410350991397715
3.7284828931485636 -1.26079814466019
5.208702172891791 -1.1756809456290802
5.549951025219248 -1.89216219894814
5.889574281745226 -2.0462190764096158
3.9158198628018246 -2.169841170112261
5.5650003705093996 -2.078567839382348
5.105065581034669 -4.723645300966047
8.035105723626392 -2.548522338534551
8.053800044896027 -2.3737566588709376
5.0101080824589 -0.11099395194701578
5.858140434156324 -4.208758237034102
5.411757607162866 -2.899430422133401
4.712082495368466 -0.041134561236377376
4.226314653329917 -2.3308677986308766
5.722352154400017 -0.9104527498851
3.1875204717594183 -0.7629209476336021
5.422006043470833 -1.6604171769446265
5.817217874638135 -2.811963431799441
4.188389044871332 -3.1207670220488763
4.187564016344748 -2.526540108950722
4.892803433721552 -1.2675793443134569
5.122617347764008 -3.0556776640118586
5.368459323065694 -2.251756757648317
4.532626861663013 -2.9174411195797854
4.166539509980314 -3.1632364618135993
5.192478026401893 0.06593021157561108
4.33817781932608 -4.247316531791078
4.24249103954942 -2.6862609076307584
6.8689100143752695 -0.7072997463335289
5.004864525753901 -0.7962336760873714
6.587654276439321 -1.01046137268735
6.549092571077642 -3.7439739739505677
4.667763749346749 -1.5064810637813202
4.348037701330147 -2.5064895559322666
4.104866626721252 -0.115279258104239
4.687092659919281 -4.69282034212261
5.049278629685054 -0.7681285716127166
5.201935149437277 -1.8194222769641373
7.205249375725957 -1.3236421643366147
5.578814902768774 -3.398989528569442
